1725
7341
92378
3446
23822
81583
99323
65770
20006
4508
834
8953
5428
15493
61729
135
53476
35234
33048
72219
21089
53775
58361
22833
22149
85475
54633
28452
12554
66486
33424
30631
90179
25802
50429
14001
7386
49753
79772
43744
54261
96958
52698
59690
28803
14427
59825
98631
66013
9226
70850
87102
63001
45564
9936
1502
31039
80921
29955
59945
47407
63379
90576
53938
89181
41006
67940
12919
7111
64064
56664
61372
77374
25714
37414
22529
40141
97240
37512
22506
22818
8362
9608
85819
70278
35896
87321
17670
16817
17276
77615
80576
97007
84544
34515
86189
41902
18807
15460
49013
82871
72124
26737
76597
97838
64152
15478
54331
77744
52990
76837
562
77704
2798
86381
47983
38694
90054
65653
71864
23683
59620
52440
20690
44164
86955
23231
2418
5762
38692
51431
4985
10816
78169
81582
25007
58673
97060
95690
36417
66402
88880
53331
44107
91678
56064
8442
46724
46118
74095
18588
69801
50067
71029
90492
10584
57984
13723
13002
80099
68767
80786
85084
79584
75307
83019
20943
33980
96431
32985
86749
62834
21865
40080
6941
29895
96144
31735
76620
58614
22182
11560
28416
72249
98941
35260
82833
73278
65335
95836
53377
34103
92974
54813
30039
68281
37832
67334
2261
34264
319
89010
13450
22185
45442
36743
68432
41586
68478
61404
200
90660
72965
44968
62909
71906
96580
62095
61536
61916
74283
14913
12371
67257
69727
58762
35538
23911
26096
54151
58175
26415
43161
87977
64952
88603
24720
49737
46541
93198
11141
63093
83858
84106
8062
63120
72365
20994
41567
50253
82910
15850
65167
11633
83107
51246
70395
34997
91509
96491
89148
49685
39259
48661
54014
20563
53616
78735
70300
157
71933
97794
63250
72144
81900
87664
51616
70617
8659
93183
20871
7921
25385
2390
19555
24844
69988
6302
59841
61497
19146
48989
27534
74757
14002
81549
95320
67618
60284
81973
67775
48569
79767
47377
37065
78019
51394
88681
64989
76405
98216
2212
678
23601
4602
36585
48445
90942
42888
24638
52439
62034
89979
96326
36791
3981
77875
48463
71599
54511
46788
39374
3080
42907
3104
56498
37279
70850
61531
2268
47255
59748
20832
47933
99701
41786
84519
64499
32728
43759
89137
85167
5793
79117
81493
58936
83098
75720
23751
54698
30231
70540
10424
49664
29799
29880
22514
67078
730
84045
85698
47985
60145
6530
12271
59847
48316
13142
24346
81044
56901
29835
82564
79046
8952
80409
37982
92051
72482
61733
63101
2713
48625
89877
68729
78425
19758
91243
61855
20488
91641
47554
84826
51786
70436
97097
27985
18753
26591
52331
16149
83492
98519
15065
62538
7471
11827
520
15874
84309
78605
95327
3374
27231
85205
72104
22008
4963
79699
83863
25451
87692
31417
10277
39479
1854
23726
83816
36959
50317
36148
53108
33809
34667
84526
12699
58490
96353
29571
90717
80662
8177
86044
84036
51760
71249
72492
73768
76212
68544
73983
1664
56236
5401
28293
12067
23607
68372
95884
76918
18689
48384
46378
68851
99403
30904
81550
74245
27257
27474
64962
7919
52003
51007
8308
3763
22256
97152
93883
98469
65696
67866
16485
38285
89619
61130
50352
29578
29502
62588
6496
48192
10972
52875
33395
26727
83779
14945
973
27389
58771
65935
51660
10774
16942
59968
14537
55551
57121
24772
54020
39169
8991
86857
77454
98610
47987
44159
44541
77490
6747
51037
42034
34072
3912
75429
60799
4044
6726
78124
31433
65498
44060
83093
76272
77354
59414
7162
32905
16535
31934
3277
55704
40925
90134
49511
55888
38122
93670
429
31964
417
67818
73998
50841
88083
65779
11641
92127
72505
89765
39912
54355
50177
23005
30628
27532
98771
37790
76789
31658
86076
80067
3715
43354
70201
53226
99242
24675
46896
16023
56639
63665
83841
46989
14507
71924
29120
42500
64051
17978
48617
20315
72333
15147
59673
19313
59031
58444
73455
35820
90103
59532
15887
93818
2886
2441
47044
18480
27116
10292
34503
108
90309
34696
63449
4816
6621
92570
63668
87024
10548
28638
7340
82881
43785
67013
18547
2816
41809
92002
54988
31912
51534
70876
25730
70772
73317
89126
5604
16785
15770
40107
16893
6080
91156
80343
27248
97777
72913
90917
1153
99813
35907
24845
99046
96044
91858
17593
98860
50020
9596
70200
81932
77482
41076
24015
48255
30745
29493
53859
47531
45264
10319
80776
51344
1475
61119
78592
15604
50384
85861
16757
50197
21768
41603
49244
34164
49813
66837
49376
99833
92785
19577
98118
70268
77005
22133
18523
7751
51626
88734
71634
96890
15405
52410
64586
16880
29882
43179
48836
80266
45392
65594
30464
83513
23549
79708
17677
89714
62897
67054
89548
55683
86631
87666
25951
63636
26151
60826
87739
94129
49560
75725
91020
81318
28136
55606
98198
58018
15137
63387
38284
60530
28981
85100
60395
68882
64808
78072
58596
44058
45126
64496
99741
48109
68514
42044
11746
94665
2870
15837
88795
68782
91563
96167
50100
19699
68125
64651
94069
83263
44390
48705
60145
73371
33806
20540
58605
14966
14964
33553
59024
60091
98050
75117
8200
66564
17161
36298
77582
36383
52136
66377
21518
43699
78896
87970
79750
47021
68973
90171
46636
13363
38876
23133
3086
72682
43673
61691
4001
58638
95245
63025
35081
9647
54495
59633
76211
88008
95932
70145
24392
48068
36522
62262
8119
31770
50232
87869
78792
35558
78040
41780
48921
33268
64914
68360
5951
24939
46403
26304
83577
58000
89329
35010
67647
60176
94644
60211
48185
90576
30356
88929
54996
83231
51191
63115
15001
17775
67336
10145
53333
61728
51926
18607
94996
33192
86967
17299
58131
33370
43603
58061
91371
49285
93071
75370
9461
87715
35581
57646
94643
65938
62927
49639
65521
14118
29106
96874
48246
12794
7020
1579
74522
75298
36538
85871
24842
39857
19522
82973
73228
63126
57386
80951
28763
50458
56321
54576
54525
91903
28575
65521
74193
91502
31512
56066
5621
76971
52940
53867
89765
76312
71798
80640
67962
24689
66511
92804
64546
86033
92130
37774
65511
49516
35077
10626
16326
91399
65203
87204
99654
93778
52725
90199
1632
84237
46265
23605
61208
15557
93824
67326
91870
65623
47966
76184
6664
30829
68989
71210
16862
77471
25337
98726
26987
60414
9352
43314
68165
90907
30518
84171
1037
99595
74370
2670
184
36987
26275
77745
52545
20100
45071
60767
2075
93037
36951
8739
23866
22292
96301
57080
99763
21638
72158
26751
98405
97863
86417
66570
5122
33287
50742
6160
49234
41464
25182
49418
78452
67809
27163
47349
4261
72234
8116
22688
81623
61419
47779
21841
83712
44081
95274
83475
82071
67432
26578
80476
81647
29347
63399
86770
78986
30493
92930
28220
71957
34464
77639
66761
2273
4802
14110
6535
93389
38578
29223
75012
99998
77003
96854
62
21084
8480
99889
19507
75912
42820
99984
57560
72167
63383
60682
51154
10228
69964
95726
82185
4428
73365
65299
6701
94520
95761
29588
87909
50692
58812
79273
50690
52167
92479
67104
89603
959
66993
9110
76872
9813
25446
50784
98333
5181
27818
65839
15409
97782
61565
13947
2210
51283
79246
25263
62155
91359
54852
50064
42051
30016
45689
9093
98535
38169
76197
88138
39128
59543
13600
32352
85708
39047
99488
84041
44228
27306
66232
75990
25088
44150
89937
43650
11785
85535
68914
73940
76894
40118
40356
18946
86486
86045
28039
85021
24214
20589
89511
79695
80132
3111
12047
82192
58510
11536
82586
2739
55194
48818
78729
80283
9320
85018
23933
21105
70553
9199
95045
47447
65669
35401
82745
52155
37799
27137
37176
78365
47726
43039
58060
44210
46151
86460
26402
21013
97996
8988
40104
69542
74159
18833
49825
83479
20203
90111
4585
90756
15662
15982
54556
81332
67736
53653
33487
5535
80790
87016
83900
44868
46407
58313
5430
8910
44773
31833
29924
59121
57173
70028
28663
31332
5214
94841
31164
25417
1304
52101
32526
16966
68083
3434
14650
35819
57087
64490
57706
37878
51506
57959
99098
14265
16272
4529
23176
61045
52714
53100
20166
9887
23128
65181
57572
28342
60022
88736
70112
61326
40837
2638
94645
25272
6072
9295
77444
63159
73785
35150
17389
41643
93109
32840
55909
25733
37369
79085
86778
90083
32185
23296
16322
55313
4830
73894
8
64852
78982
70120
42531
36171
72758
37176
61444
95182
46471
55240
74693
20257
90390
8435
61900
99852
41275
17809
41937
78644
13246
45068
85079
45431
68364
1401
17097
73194
91648
17105
54399
70630
3577
96930
23154
92687
34106
950
87869
96929
56190
78914
17186
62932
87349
95439
79136
28624
29600
21074
23620
42847
66142
8699
88278
50858
10101
21727
40405
18101
55184
94804
88731
58761
8086
28237
67800
42192
29187
55669
39121
85377
50936
72660
48310
38285
68099
43798
66910
14051
64872
90530
56898
47366
15582
61529
98225
42035
83256
38630
60136
38441
49786
65219
13554
57872
93457
81355
16416
22644
53376
71889
24374
4312
44549
89036
42598
29000
32834
25860
43052
14059
32742
16302
61425
48324
77831
59650
90359
61088
14632
50495
15881
64418
32067
29435
22290
25524
10790
38706
64520
80519
10596
5246
84831
71497
10634
43781
16850
43469
69641
59902
73880
2384
92556
35305
50708
70388
11308
57420
31476
25940
24267
63709
90359
56334
93144
29001
98210
20287
84060
79083
806
94656
681
1989
82505
11316
45771
99355
71137
15412
75609
45017
34148
68166
96674
1209
38554
7982
58629
86382
33923
82896
50091
40634
55583
59587
85987
70145
79874
70047
65580
97032
81055
66262
99022
63561
77578
44793
62916
48715
76557
54878
10084
10706
23044
6758
11915
61598
14741
86896
64332
65016
86144
30775
22002
58079
90362
7989
28225
70237
78037
93805
67269
59092
60067
82643
39005
53997
27436
18274
19064
3994
73152
29148
31052
96196
35907
59319
74146
50648
46215
38478
32016
48711
85605
54018
6791
75967
62007
35016
62556
56396
45173
46178
31841
21593
28821
70846
75590
56258
89120
94655
76604
62272
23803
7656
74820
59710
66975
48966
26710
29542
3796
58726
78253
89401
29096
85044
81721
7456
36412
44277
63852
81586
90455
95693
3179
19277
82892
78769
91887
72012
89776
68491
50637
13580
92499
41809
89642
59474
7128
32705
5368
27276
7783
83621
33030
36880
68666
14751
44336
5078
59028
24540
3016
49484
20234
6195
85113
3126
1317
77000
91490
91093
45491
58479
21025
37990
16641
10668
13816
23769
59725
19184
51045
67508
2805
84075
20740
87823
98826
65076
9254
74207
89617
12270
40043
26203
34818
25156
45681
36135
18508
53523
43580
80351
28355
80958
34693
44996
7978
48509
85117
67703
84045
36162
35211
3202
36590
72304
7378
51768
37380
16632
25975
43349
45254
82370
85904
80072
7526
47937
32559
42386
1461
92492
22737
46168
73450
57430
91164
81428
5939
92633
65483
6336
28795
694
9539
81737
89350
16917
33506
26731
49901
75833
86432
95155
58204
88689
91580
82082
36626
40491
24469
54439
32983
47206
607
22785
4637
8123
20565
26928
756
86048
49617
45904
3095
59156
27641
92445
92425
77499
35528
42326
69685
21961
37481
27889
27002
45413
26323
63628
85905
50792
18068
35240
14351
18675
74378
35340
26799
94943
78620
43907
97344
28237
89811
439
87393
33805
9236
96170
11304
44765
38496
80989
83078
92330
25230
10080
37743
51554
90060
40000
18698
8128
91593
33049
43156
82323
84741
86307
93618
63362
30214
90962
91599
36378
7753
95345
70183
16990
91515
97839
78107
46364
78829
61185
38694
20411
87617
92789
71965
77677
49142
7016
2158
57087
56417
45314
39410
41159
31621
33028
20873
61835
40343
28824
98213
48096
24169
84748
81438
32037
82588
75897
78401
61417
53434
33447
98180
41051
42588
86498
35081
91730
93514
37239
48817
49931
82553
4579
7442
30526
37608
28315
92361
94303
57140
6927
58751
97661
91675
40190
46050
90615
16087
40803
68384
85874
74250
66565
26925
16839
53063
78358
24921
46577
15597
90091
12860
14502
94670
20303
45028
48630
48618
53742
42933
22110
77021
1685
19772
85048
58227
65822
75664
90666
22978
44048
76540
97228
10613
19818
30419
80028
98176
71693
26605
30126
61784
39466
44628
56454
76121
6009
21437
24739
76103
64370
63202
53124
66055
82974
54524
24282
65148
30188
31301
88126
90589
7841
1707
17554
27659
48478
97583
42188
36523
40540
72314
98307
96358
33294
71114
72479
39303
92551
13571
31758
56921
76773
84882
39329
76099
55759
79963
57599
85947
11264
62078
92888
35458
63785
10443
63117
28615
24378
5305
65139
64918
93971
79798
61277
27266
67264
50108
82921
59815
63679
14680
33089
56804
15914
88770
32903
71673
68733
6855
73973
96350
68933
66861
31808
49070
77304
11277
94037
1682
32935
59176
82953
26906
55327
60582
70524
22591
10690
53446
82407
90722
68126
31848
47526
392
20618
96782
72066
5703
3637
46039
2053
88922
12900
50213
37992
6557
77843
32029
24591
10778
7558
7544
54036
62885
68126
24561
85476
78817
94359
84235
85891
78837
32435
33417
79229
69405
46551
51295
75109
50188
97334
93514
39110
26587
60080
93454
33144
37923
25484
57735
65053
49394
65280
19089
12279
49758
60002
14107
44927
54361
14695
30818
33198
63482
64236
12428
32888
10787
80075
7997
77328
93762
17863
32790
20349
77943
42597
53493
15866
68081
27580
80919
33827
9212
16361
46106
58971
76363
76565
3898
47077
7612
34717
80275
71095
15305
9055
3983
42444
89131
28332
36124
82893
46195
85267
19594
40491
27864
73087
72709
12297
17019
53629
46124
26232
86342
8582
1555
62705
85147
21805
9782
92760
56522
6410
80207
88179
31817
84190
46976
20948
28874
99452
20193
75069
84719
39787
31912
28935
29226
4622
41232
46246
74603
3708
88830
60945
12290
90385
23650
13790
12190
49785
22902
85065
72547
3109
89596
4364
87299
36572
41665
32525
52377
61858
23946
37096
17998
55859
66032
63576
60481
23616
9822
35084
27325
15004
96029
55967
5389
36031
69757
33932
2168
92659
35349
74715
12120
24945
79080
15771
77870
37097
48296
30247
15307
72243
83695
33305
28102
66079
13234
4935
89696
39408
40019
33373
54413
52400
89340
76154
88431
75450
10086
90600
84461
45435
81667
96582
86733
77099
12353
64603
14196
77002
11202
29504
49245
94897
79161
93699
60977
92395
98634
67025
31804
38653
398
2569
7405
6090
78723
95836
97892
5162
2788
82354
66949
808
95288
53682
77907
23993
34637
8456
995
45839
54312
66592
57089
49825
60291
18066
42221
58925
1443
90377
13930
18193
92946
21335
24283
88021
33524
38528
93183
36312
37234
60133
53472
32522
30167
31380
72867
64805
56188
90215
26996
10500
56807
84085
60325
33451
18503
18898
92376
19946
25627
22659
38139
18573
43994
78775
6595
93870
17303
16130
46535
70889
76263
7
19763
6431
47739
92630
87588
3927
82845
14584
14427
56005
15022
91105
89456
33525
26355
98184
69824
51983
37195
24315
86908
81190
19442
93503
91412
53097
25986
37947
23986
2249
37955
43749
25032
85694
36380
28972
89622
35577
59909
20401
7934
74931
27858
13742
24808
54214
28279
94632
6197
65474
35300
9457
63016
54742
2961
54429
7840
45299
92376
31826
63900
30331
75576
88933
32378
28308
34257
22000
80237
94166
58753
4524
85449
2964
34618
10258
73530
62897
21242
96079
28372
72894
5536
91388
27637
24849
62169
35477
70148
54546
83655
34049
1229
75583
39334
33607
20243
73591
71959
16833
84110
47065
21357
69559
50029
55975
96169
23559
35225
33764
19638
79949
23010
25174
87689
50647
50024
49859
2476
20172
4405
86132
70573
21986
78067
9907
55594
98311
83499
27553
15144
83961
74618
52853
69872
40999
25180
82394
80910
60405
16158
16900
40354
55520
42075
28044
6168
8451
94255
24996
44975
15012
11128
15549
36998
5548
25456
92592
3859
25307
36498
35355
9268
27468
88208
79141
68468
13388
61535
65730
90146
94045
82631
46852
49565
24706
91248
72085
49509
85503
97082
10836
515
24562
42737
37514
30110
68194
30106
50321
9853
82956
85676
35474
10425
90236
14615
95245
3625
92502
60975
10123
2899
43606
56975
68816
84664
64576
57254
34173
50079
70688
61362
50595
95250
4099
4461
41713
88645
50919
92034
98499
33876
94063
33973
44301
84299
64940
55898
4276
73794
16873
14399
76693
60480
87727
61861
45144
52303
19115
95670
18734
89803
57032
85681
1406
77483
90142
59471
66129
57414
51505
64628
91290
61920
14953
51943
46220
96245
7841
50496
70039
41066
81248
63084
1546
85327
41297
63043
53982
60413
75065
72716
66568
48449
58398
84326
25932
64892
43797
92061
22306
11655
73041
29948
73575
4346
98243
19795
591
6084
86644
86982
63503
84244
50066
65049
85923
91364
44444
39905
68129
19509
12621
51049
67958
87371
35376
93891
68616
79173
2304
7274
7180
75346
37223
80756
96044
35466
16903
96636
57903
19899
83618
21406
20495
50037
2807
6418
57753
63604
46323
42234
99465
75297
93283
67424
79020
45011
77667
47636
40537
96323
54911
47717
88021
8486
28473
84066
60304
61729
80702
34559
81628
80672
55965
2124
30709
75125
8542
4814
55081
71218
47048
54546
46515
40332
21970
25535
1695
15989
89524
42232
12313
60787
89950
16686
85625
34775
752
45929
96504
81454
80489
94485
78479
52806
96609
25540
44283
21503
30355
99364
92721
77403
53911
39236
34087
92233
81124
35783
24575
87000
78015
53240
47787
84317
69926
33412
35445
70679
95693
31949
68485
76182
42786
46964
45341
39395
72505
89624
60899
19212
5341
53620
96615
59252
9209
30703
67837
6685
82838
92412
93685
77205
45652
57824
77875
15579
91236
13320
2610
3281
61621
71095
95816
4408
34412
41157
43803
23269
47133
21054
42481
52474
91027
55448
11726
16588
2503
95916
23273
85341
88328
33310
78899
50333
91134
56774
65912
82370
70094
84874
2003
31715
72321
97819
36123
6733
38976
96279
46354
86110
33685
5187
54936
24712
60636
83015
41300
79491
78931
80925
64833
67259
14235
60084
17592
5369
16858
99856
4091
86952
1082
6095
35019
73404
3914
87495
96489
59243
83774
42844
61705
17459
48031
16641
58524
25019
99656
16176
4511
94939
13454
85696
78551
27689
45780
12495
49411
78990
12352
53502
65942
29786
75949
17313
3190
96216
4808
99680
55459
88582
42524
33516
22394
6907
50157
97270
48279
66166
13446
69142
77457
26900
54838
56008
70942
16970
68504
20353
95960
97208
90207
78254
26994
66157
95567
30185
78725
376
46217
50536
5310
5093
84052
44056
28352
50561
41326
76631
33079
54773
45773
10537
98025
16963
66545
68967
50285
51401
89320
46245
48609
95880
40851
91956
78389
36419
38493
57114
53147
84710
7650
74809
6155
91702
18866
34507
42263
60192
11139
75343
31317
73264
85880
29343
90228
68777
14662
40513
36531
20335
3111
1492
16215
43962
93448
94604
96733
31941
51718
66232
33003
59368
41042
39158
67422
59908
90018
9685
36452
1157
1380
67770
90773
3612
13465
97353
72390
28127
54219
25273
48462
57330
26765
81029
17644
20214
75633
30730
68507
27351
96962
17863
3071
38004
57021
70493
14264
63391
96531
67069
64548
97911
34839
71674
1524
64656
69027
90266
9135
23246
15539
73950
96928
42304
54979
14573
78870
30613
61655
47378
74316
58617
81593
93740
12974
54966
64233
43590
18358
60764
10659
82906
58676
61850
70932
76552
26506
56312
66818
51994
79558
98709
25944
92839
57365
97275
23764
36236
44240
85419
99966
18557
44036
81559
12297
73362
36525
92882
16953
54883
53647
27612
54142
28675
5815
41426
21579
32321
97738
4749
667
77297
3458
26611
86488
77175
40239
10252
29763
84479
95671
29729
3036
56059
27640
31685
29422
80518
40920
62727
51753
10919
6691
22247
55946
12506
63674
77525
61180
61412
82274
61847
55061
2084
4811
41549
79259
45050
68153
25375
29529
63824
55104
48918
36236
99097
96955
82010
95967
37875
44737
47720
48794
51428
69968
4740
63935
49994
82265
25115
11406
80891
3314
82820
99327
8125
40721
94939
53175
8875
20314
99057
89051
91770
64327
25287
90867
61282
7297
86834
15510
52034
50907
64304
19815
37227
85397
83750
87221
67662
25217
14979
64906
28531
97799
64233
53009
54873
75524
22536
63748
95838
21593
69151
87609
2272
94439
94828
63555
18088
98015
79065
86475
48922
59721
6290
86149
45118
6392
73370
29133
47961
4701
10391
92844
18853
90976
45853
73726
66501
68390
53826
78691
6335
22977
66300
8608
33768
77481
88515
51857
75496
83932
38332
24418
60005
60974
26919
5124
67366
16641
50609
31679
21342
61000
24523
40195
51976
70377
13921
34829
55119
84099
13521
61454
7077
96173
86414
40845
73654
74929
9054
49150
75213
63738
89920
35219
24712
33191
40343
8430
49832
7304
40109
87527
68304
80985
27722
36632
51362
57996
71462
6481
42095
1335
84287
65524
97508
70702
6370
71163
45631
31776
36665
37197
95515
42938
72416
36579
76129
29111
45010
42314
36415
1471
29841
21071
98808
57563
74055
50170
31911
45517
73003
74007
46852
57291
39531
60713
44345
62253
31876
89976
94030
68541
27173
5897
27831
15941
42476
3961
45052
3838
46275
97819
21662
92468
18890
20470
50031
92946
86993
98295
54815
59996
72302
18020
33639
28185
78733
77984
90439
10609
84313
821
95502
27838
6718
39686
43780
65546
43647
5184
69385
6274
3004
7399
98742
38246
27869
65125
31192
14862
63420
2360
91211
52074
20380
24850
80260
99113
2835
87051
26074
3500
87872
37928
31338
10942
77614
91470
76488
37613
96655
62225
60239
99659
69624
58981
37905
13846
40459
85450
28708
20231
87810
19919
72306
24542
61122
52566
23655
80309
55969
66081
83809
43841
20361
31499
71135
14328
22970
47623
51941
19625
26201
28533
35636
95825
3866
89893
26023
44325
91695
54732
64557
79505
91003
53215
4047
52125
5781
44054
48786
61750
26487
32595
21943
46849
80447
93078
61177
3417
57053
29470
39394
83254
58003
91382
95432
61870
97627
21455
6195
89323
92539
87104
85180
83543
40319
89228
52020
62452
49634
807
40554
76122
49754
78849
39323
30201
71927
500
49970
45333
29970
89364
28587
4326
97098
40371
66196
94726
78179
88743
84049
70718
92200
69229
70613
32519
74809
22634
11324
40796
39793
51878
16918
5899
30728
56241
36101
19007
73093
86071
64340
19415
91788
9280
23741
88886
66003
89937
83612
44182
95033
84013
31253
87233
53243
1866
19752
44404
40852
47428
85200
96997
99307
18470
2897
46387
91063
55350
81746
64156
41421
46087
99924
49561
71719
23665
54800
37722
29955
38412
81905
24988
22426
13158
28573
92021
31376
64677
52777
72229
12106
37978
85578
27765
56448
88475
74152
63864
43825
55898
44372
1599
18337
44296
67512
90056
84314
22312
27779
14269
60725
26036
55609
99503
39194
84182
7876
86922
65211
60653
59151
77317
14983
44730
5082
87784
49557
95586
51648
9735
67837
96020
11334
2526
40317
78846
92583
24631
1159
36714
55252
78236
62750
27213
94091
18296
27747
1967
5218
92958
78972
80722
70276
93956
41804
91710
81740
91361
3649
33388
1096
87838
45760
28782
90364
2429
23981
99299
43412
41492
36013
98664
36080
98763
42229
30171
33411
69976
48490
38630
62935
43814
19352
33211
37770
61156
41273
35862
68869
44922
69250
86318
32760
31363
15100
39477
33792
55433
38776
77205
96925
74790
92221
49357
89905
34451
79528
23317
4427
44370
78299
67362
88185
97651
16925
42307
75159
74551
78170
44028
19473
63772
46698
68586
95135
61799
8063
28928
33584
63191
22485
30510
37981
14706
96219
44239
65509
92100
83908
69937
36470
62207
53651
41007
76210
86929
99667
51369
61480
77837
11749
97305
57961
58448
65891
53097
36599
90306
98377
70183
53498
20862
17045
7831
51920
13265
68422
17430
21717
52330
3719
58187
14537
57370
15547
90747
44299
15214
58468
5779
9403
70218
3085
67364
45018
85328
36813
97969
75635
51542
84504
45485
88756
17902
69668
57029
31167
38091
74459
52884
90421
78178
27423
4959
51900
59322
12058
96200
90888
70527
18331
291
57097
37768
84008
18467
23097
37173
16436
15084
88716
940
76921
93824
18842
46589
50853
66361
84680
41664
35597
91454
36194
79373
12765
88095
38695
24823
647
29584
11702
18978
46227
85151
56747
46587
3618
96196
83761
36406
11280
88829
53699
88201
99005
88893
51142
49859
55255
35823
91523
7204
43629
27718
2929
56394
32165
57977
97569
32812
3913
9272
68142
50140
10775
24889
96728
30746
21085
96841
67152
48717
2022
20851
53270
1027
26097
4413
50886
97704
56588
58762
4908
217
2832
24190
72963
34997
82167
70532
67809
86080
96156
35951
52572
23284
77193
65652
54030
14630
62493
21182
79700
80867
58386
32970
81895
835
53735
49133
98539
10323
24247
19799
26892
27079
43989
99855
62076
26156
86740
46237
28588
82896
98541
81161
6180
92086
46813
60210
23068
25659
97745
2768
6526
72483
35739
88421
73318
89474
53907
71857
16150
78154
8008
43042
5234
51998
59250
83662
94506
45990
46252
23095
28886
44793
20608
51419
53231
67421
27981
76299
9432
42078
79068
15959
30913
31159
20732
4231
36985
74639
92440
69487
52794
449
12530
74380
68799
71780
58042
63305
34122
4294
2752
79360
65439
39712
30779
18670
23486
75113
94970
32918
17191
90390
48877
48105
37901
69610
68688
91238
60601
77481
60726
13395
94282
73256
87775
63081
61388
62170
42738
11862
82816
61843
91222
48256
1555
22002
83278
25041
13467
94600
57960
47010
84990
23189
95115
39243
9151
80156
30482
69753
57637
91208
99500
68271
80816
3628
31352
42204
82150
90442
54066
64966
52285
61640
13222
70193
99994
96501
95234
13461
91101
69546
60472
92444
9088
71939
31687
18239
52095
62169
4344
26084
53377
20197
94355
34193
23825
42059
92749
22327
32502
63167
87293
1139
24808
516
71332
24802
13369
82919
54616
20822
68817
15088
13266
77905
87027
61306
96145
39123
23475
16841
81559
93205
37038
75915
43750
77215
34326
36500
99542
66828
16019
86836
84320
57179
3704
55652
81982
33425
54923
52950
54247
23741
68038
83866
1646
55065
45172
14143
10540
84999
30985
8452
78204
84375
84367
38307
77943
35045
74807
93837
1874
7178
97025
2546
64358
729
58198
62692
50506
29474
15642
4754
53215
32
4972
54861
55097
66496
85357
81990
51495
32694
90442
46052
33421
91161
84359
11364
26206
75518
5202
44432
99048
2227
46978
63406
19309
5177
42450
69815
34651
74444
90921
4218
74476
12245
75431
45926
78741
60788
27916
46589
93482
18358
92641
43256
25871
93352
54620
52077
85222
76174
96510
84270
94754
43488
64029
14063
65017
6479
230
16020
97276
7504
20238
71752
19749
12022
17678
98491
72810
61946
45080
82645
96656
54073
25901
22527
47425
96873
74605
32647
73048
87467
33269
67802
47307
97298
98217
12325
20130
98447
44697
17406
22303
81288
5510
42053
93310
39541
56896
82472
1487
18328
81469
98144
88753
7370
37023
36178
20596
27980
85177
93644
15447
34798
77798
62755
32097
76015
91432
52227
90814
36129
85985
29470
33769
91495
87875
27079
31036
44771
9552
32524
79451
91021
47020
68204
14744
84043
20734
51692
12024
22263
45336
43823
57061
39486
22930
89158
31853
14362
57737
39019
66844
43722
68489
613
51570
56364
44045
82606
17487
69949
31482
96938
77322
94854
81494
8418
95250
2228
60110
7274
24491
21798
67449
81553
61284
90380
87063
9489
21094
61153
48509
4290
21227
33350
4904
72797
6067
65301
71756
39906
35250
19590
53197
12572
14445
34691
20991
9695
53272
81101
33321
77763
19252
770
75668
80536
7502
79084
6378
28597
40237
54887
32887
61464
4589
54143
50614
10656
19444
22370
66915
71046
41960
20112
99971
72757
54803
20962
82452
24427
18415
32125
2191
37667
32896
94211
34556
40398
73295
40934
85347
29884
12173
34587
7701
16762
88730
58315
43771
24527
80685
27038
95573
38997
47150
95544
11755
18305
32858
94207
42733
67626
42685
61276
21645
75581
55487
72553
32331
45135
13487
34031
91371
42012
68618
99072
75127
57348
57387
35250
98227
38072
62288
93801
93422
9438
89345
5177
44095
38556
15736
86828
6182
58421
48104
27827
50354
19944
381
99038
81431
30220
33069
72802
88585
1687
71875
63712
75387
29262
98962
73615
83687
77602
83768
93461
87040
89465
98638
47487
28021
14374
50668
50555
89148
15124
94735
39502
35068
11468
54892
32851
58040
87961
5654
46625
6000
93881
10337
97740
39495
25651
87707
39534
3253
71475
32995
6645
77292
31633
54133
21666
62360
4801
72221
67860
19925
83308
7362
71346
94776
62255
4197
69169
66568
26203
15794
88921
20084
26132
86661
59580
68135
74368
99114
71389
62195
48462
94386
55839
80095
48519
77505
58807
69672
66079
26667
5950
49387
50382
77296
60516
28989
97845
29685
95557
24049
45479
84478
60485
87963
87491
20065
72451
78211
35532
60192
40406
83994
54578
12598
80441
19450
90103
55601
89122
72534
82268
95072
21922
32650
88720
98790
77991
86566
44827
73549
26967
6658
74379
87452
10974
61871
23870
83425
40082
75754
43617
96841
76100
98195
25791
56541
17645
15894
12142
23120
88429
10763
34544
26703
59765
23265
41845
37757
26183
86672
27658
53150
93330
18389
40602
4304
80260
64472
87729
36695
56578
47698
49888
32678
45894
75679
5572
79891
7925
17714
3011
12706
44829
37556
55761
4595
77173
97606
58704
3356
84278
86362
56506
93961
4751
13460
98265
1364
94285
2347
54411
50863
50045
20651
83542
12291
96330
89114
92183
20607
23180
11546
33314
68010
65454
5427
88957
42627
3034
47661
45983
3664
50375
18841
97625
55126
32302
12243
72842
26587
14590
27253
77450
64635
47904
77344
93279
60586
66458
85462
97546
5991
13360
47212
90353
78815
52639
79310
21442
55673
43323
83778
59338
93698
2619
73315
65176
34921
85558
38019
77860
148
65272
55311
81136
29529
32655
90767
6467
15466
92581
4013
21457
5941
51225
11810
1108
3865
7472
22551
75890
50795
22681
51580
60845
25300
24896
26021
76574
26806
64040
54434
43307
45665
9745
40795
75194
58753
31562
81661
90571
24143
85675
28380
46436
53252
56542
47545
57117
64014
86448
49360
31161
9129
940
92006
34429
42188
34379
27355
68995
98420
81790
12302
44085
91535
53097
35631
66640
1011
17292
73563
25154
19319
1943
87942
72572
58485
35487
46041
38851
21935
95401
70012
47416
96342
78370
98198
54882
12750
25553
23877
27522
7343
36179
87959
15231
5628
23590
98223
6639
57234
71787
48145
92906
73730
36088
65478
32216
87927
27871
87419
9863
23273
73784
73631
35967
52154
71829
90849
81256
97383
31079
25130
4726
67258
13089
36309
89239
36679
34533
12230
10266
6320
60376
3172
80050
12816
85002
28618
743
12873
16038
26958
52498
89822
590
88465
58328
72419
95667
55937
86154
26746
81067
90881
10356
94157
27190
15947
47188
61723
28178
57454
84395
4906
76978
64446
34074
61980
9416
34817
91206
41806
78128
43704
47980
78718
48522
6309
67489
60541
62246
53644
87287
59665
60877
13995
53822
4419
29943
17363
82495
74473
91169
66890
79379
68148
47688
13453
30128
57105
64622
21334
98911
42750
81391
46892
37820
29913
69553
21662
90454
48151
91658
94093
7816
52535
8088
77991
73306
54383
95354
55801
28856
2875
39044
24587
71023
86732
38040
17504
60189
2663
55190
59101
61765
36581
22345
15938
82846
8250
37600
73300
56401
29258
67393
80569
98145
91834
74912
71451
62569
86618
43605
91426
89494
82649
16013
60517
69381
70406
94373
45923
89421
49564
5024
51186
2497
43721
83476
85344
51971
21076
74996
24724
66686
58742
5293
64831
50576
80206
52635
13145
66824
96240
20923
72670
95241
36937
33188
64622
7343
43913
10545
96764
93477
31921
64302
95975
91994
47779
97671
43965
85207
72667
85041
51894
31409
90335
33077
98337
86893
2064
27835
70069
98304
48758
42740
93545
2047
92280
74520
25742
36193
1417
38858
29671
49691
19513
41998
41685
67292
56021
2003
68851
28688
87044
37097
76450
93731
86527
74787
96976
88591
18974
67046
3248
67733
26138
13145
86132
18418
4017
11875
54611
5435
67085
634
71478
86598
58984
29515
53890
15005
31518
39094
60046
34915
76191
36496
44998
62718
27635
41975
67662
46610
25373
70910
30695
67863
407
16827
86281
4425
45054
57244
26212
12140
74231
97690
98738
49567
27205
68981
64573
75076
8075
40971
26343
618
93819
71341
79689
37806
29668
63703
84416
71393
50965
31463
39256
51372
64643
41889
55797
9697
99134
82009
38189
89717
96051
36928
39284
39609
22261
20209
14685
46688
61180
57380
63658
54999
28721
43347
92806
74742
23402
93574
46135
74367
41390
85392
25740
6033
43633
97889
32082
42767
96251
70272
32484
8654
23552
88121
48263
62165
8330
79300
8853
69511
36680
88863
40862
65402
48563
50020
56496
71965
59947
2631
46333
1337
4375
88425
23722
48009
86314
55804
7128
98917
42428
55965
7572
82332
44086
55835
44497
52416
35136
69702
38279
71816
58566
79142
53570
7129
45514
10066
79094
5461
29050
41779
23150
49777
30204
63224
97786
32871
19029
21267
31788
77809
77232
39360
60142
37670
11548
20991
90086
63036
90694
44718
34852
65612
40212
4775
72741
85726
31193
68187
7540
60243
9967
47042
10021
56523
10267
24159
89394
45648
45426
37535
23457
39010
93247
99951
76680
21147
37295
83119
84183
44341
27837
35388
9953
68049
40163
99046
70127
71356
67233
77667
47952
93552
41062
57973
66428
51329
98484
55822
96977
60263
9709
36786
99273
19309
53090
92306
40456
90385
91777
24640
34726
19614
60028
61031
4015
16543
60077
74142
87899
43662
68162
52203
53567
9224
26528
19995
76905
25013
92169
73882
85276
1879
27020
901
21188
80110
9559
77996
86847
1336
2636
37925
37302
62664
98956
41317
79207
75385
31812
83459
19048
16326
35662
72615
25550
62191
92610
2455
3556
1131
92689
5184
3010
36061
6085
40550
16172
15645
18547
19371
33333
37535
57297
70636
16552
56253
28305
12111
47991
60117
95570
67039
76443
47585
56006
18345
26128
64968
37152
29684
66099
29841
34868
85462
82255
57305
42364
14779
89302
77263
34150
22636
14799
91447
93272
47703
64053
37929
59814
12044
98047
71737
95435
90842
19322
67793
9188
61802
32761
46340
91486
15212
92534
42706
17026
74789
11
59391
5920
5666
53006
40070
28302
67805
47870
37926
31860
28275
75855
91675
56671
90254
79764
52106
81097
15438
36251
6637
77240
69012
69329
85078
576
61863
27784
17603
53004
44147
76994
58924
49813
30000
15347
94467
14158
63217
48745
46018
91492
24601
54045
64515
31207
33809
32973
28656
49247
69224
35293
42839
38236
4623
27917
38812
82838
72053
72767
52195
32553
49761
27471
98718
96114
42818
93186
26624
22387
41931
72642
30231
82884
43040
94746
30444
93201
27719
59100
58801
96943
94394
1640
51531
15369
45910
6696
98207
17963
79463
50402
66868
45577
94226
65587
41691
37044
75125
68315
59432
33408
57309
6015
16293
349
762
63089
9903
44833
22189
68704
41777
16583
70344
9660
31952
16254
16356
46512
50570
95820
13266
17438
41397
7492
99377
99440
44537
74502
67755
20321
7911
25064
26336
40556
41766
43450
3645
51669
88284
25834
20373
46413
58770
7069
56073
7074
39676
88782
69938
90246
954
83205
24036
58703
90697
23414
58143
51586
97916
42250
71907
22179
67314
14596
62735
25432
74398
82732
93453
79034
24919
30178
25447
41
37248
97873
23467
76924
3007
93406
83522
3961
76611
23910
62664
67308
63676
20807
18895
77945
63057
7154
124
46723
38102
79212
88508
28853
61944
81961
7887
3215
12140
49687
3256
65740
63912
26724
59016
66919
20130
58890
70880
13093
82800
49896
80401
62829
70703
15648
40774
50112
39155
40898
13187
77257
36462
18047
6110
14759
9
30350
17974
28501
80037
37583
10593
43949
64307
69609
27220
789
44851
98100
13882
44003
47996
10635
6832
35051
42636
47606
1515
81791
4857
31054
75400
41319
49102
81511
56078
65463
28213
90405
10316
8250
27988
20909
68551
8647
6870
95771
25788
51721
10223
56022
12076
58219
83009
18909
9622
25645
66515
11137
7436
87724
58543
82837
29044
7645
80700
1474
73108
8913
91879
83424
33515
36219
20685
2066
61218
27555
14189
87006
95628
24412
43028
7705
82631
26038
26614
8605
68035
9481
36094
75472
97206
94637
74661
42602
18635
71713
60428
91743
80626
68660
91520
30493
4879
28557
32559
66098
72465
46748
69456
68093
87512
12485
92150
70143
54875
35116
95100
22910
60950
31194
14734
74508
42183
89395
17110
60818
77460
93890
68914
58086
62550
76786
4931
67430
5343
53842
49880
77808
590
19336
62254
88102
48173
54404
74597
3048
5873
86049
42311
66823
17243
57045
41331
75779
62793
74793
36597
40253
68683
5511
14692
31234
82297
19623
98664
3993
73466
64896
98153
90408
84232
60407
94863
48758
31164
85812
51806
53389
88214
10469
20212
21809
83867
61543
97588
46660
36336
34186
3265
5019
56049
17957
36253
38347
53933
51269
58692
43751
32517
56845
50511
33102
33605
61726
81860
81121
47539
50018
34510
35753
60488
54722
57562
44355
32617
55151
7367
68953
5689
10632
90324
61738
44942
42930
16437
15227
10551
75129
75330
43069
48327
25841
76171
81932
87568
58031
63053
51459
24401
13915
3564
84889
68637
61126
45596
1254
32629
52963
86559
54670
79948
93235
32761
41242
36165
49198
72821
46717
40680
48151
89786
89007
73992
82309
87291
61560
40340
66696
29371
64741
80611
32935
65983
65600
10414
27931
83206
59395
97247
69765
14066
77195
63000
46827
34789
15518
12377
7610
62235
53057
55761
68373
42064
46105
50682
45707
24018
7374
12403
53389
88467
93014
86325
54450
74966
96739
82382
58172
56134
79629
44289
86552
73176
23642
33379
24317
39160
45757
31927
1395
15166
4040
86120
73583
50145
36802
19290
90515
44176
31694
43905
32643
41060
30230
3446
32379
43321
85828
90551
15807
81809
34841
2360
71337
74835
52091
95654
13995
14200
43933
31742
29367
47973
17862
19302
14470
71016
38592
4986
15192
86638
48891
64187
44051
95473
67633
76430
55146
69813
83333
70953
67974
34526
89665
39311
9361
58109
34965
39708
88661
78898
71450
34380
43223
5664
53682
57694
76680
92275
79032
8224
95265
27923
72412
55668
39748
56397
48450
94894
26211
31784
82199
94185
66310
88217
33497
92024
46326
84814
31732
34987
80065
19535
69368
23288
41551
39402
80982
18232
48029
76366
42808
43295
4289
15220
15315
60389
71618
63766
71635
14181
95550
53835
8366
78212
58404
58215
70236
4730
43030
18321
56069
23095
54208
41789
62735
95759
81192
43718
30343
45573
36436
73152
5220
40726
4724
20536
17467
76342
84302
89103
6875
79852
59290
15242
58064
17694
89809
44653
38776
32839
79326
11197
72286
33534
52987
35022
45645
50531
95092
75989
96104
31528
65493
17677
88606
70217
38213
6074
62912
22515
11529
69787
2367
70819
1381
76783
4865
91191
37788
43641
40382
17114
54838
29021
67000
24177
80395
12646
91060
75487
4987
3517
23367
70480
21194
28326
57049
59407
50752
19961
81922
62281
6101
641
49452
7482
77424
54317
15025
31565
14310
55408
65031
69148
781
32032
93326
81176
61030
738
73015
82369
4255
96382
52849
25449
41060
9898
84856
91812
46212
66778
70445
52313
67419
19897
76147
61196
90566
91173
92761
4876
62933
57792
90377
63714
6176
55
44890
83558
793
34257
65927
5049
30639
35128
30498
88052
61379
15355
79864
7591
98485
66662
76256
82257
86559
52403
43453
93478
43576
52566
14706
6509
26710
5083
70223
32887
5138
31465
32797
5932
65722
98725
10981
12714
33853
57831
17118
95232
89538
96982
19175
88024
79996
95431
86633
66556
47835
30086
76386
7763
99004
91092
14273
25714
96176
848
74953
17666
48666
7751
23598
30740
6476
50931
59806
56681
25115
76924
68266
14653
90259
87441
19029
70255
99225
5662
53163
63412
52100
29549
87527
51104
36994
18152
76819
33170
35353
51772
50836
84019
59523
90787
31111
82351
58070
90918
39033
83185
84194
7299
14191
74453
11092
33220
61061
26669
55235
14224
6433
7335
60126
93961
58440
97120
12113
51611
46642
47466
3383
13830
47837
79259
4617
78949
61610
79040
86219
16995
62225
70413
40646
92768
61219
51739
25989
22280
94760
81224
52856
1194
4911
12982
95155
63351
26454
7268
14962
73096
54735
34698
86927
2572
30309
7896
97873
8271
86936
84092
25267
65514
70858
65913
58282
48429
34004
623
87061
28765
98199
56269
29959
3111
85604
25114
66462
12058
32382
97777
85155
3469
48827
88434
22394
95488
12682
20267
3759
15971
20712
29026
81485
7922
11292
56119
72703
45296
73095
76116
74061
71294
32385
4020
74405
17989
45486
57220
30048
94221
71349
31555
97690
36528
36341
36436
32016
49023
73056
35775
64994
10120
81154
62831
18042
92446
18951
7097
54094
92046
83213
44508
63340
15598
64880
54098
49940
10367
11318
79988
4588
99019
27895
18630
35547
64236
55067
67563
13259
28123
19690
78254
38243
844
57437
72637
9642
76388
96086
63737
84786
79299
8245
64479
11249
89477
18577
61189
99844
46247
57529
20784
45266
85424
39415
80813
66012
10834
64728
79272
55309
84418
73878
9904
1615
31315
82541
11257
24056
94979
91346
25194
74278
15943
89673
1879
5421
24602
79421
5265
70849
36950
26050
32467
38727
81817
29632
21091
92651
10712
363
47960
95131
90593
57864
96746
38261
56757
24355
78669
51736
15702
3863
42366
31645
93537
60597
53418
34491
40018
75036
21693
93321
17438
54160
48400
99255
145
69491
8258
10857
86207
72570
22340
93152
30434
35438
31413
3543
59794
26434
71631
91848
30298
13997
39845
40187
90946
93264
91030
30965
68300
12723
24286
85738
83236
89038
1345
83381
58529
9603
10590
44736
82173
49283
37889
28959
84721
85654
48854
60867
12089
20485
52715
58739
50834
92561
15278
41780
85825
6308
89097
70477
19032
29735
72567
2268
18773
73912
2001
77303
99867
28943
22039
98392
94578
76280
43703
79300
61935
8909
56519
90376
29394
9235
65467
96580
1796
80745
54712
3973
3405
43810
90802
22437
73545
63369
41057
8671
53633
59410
85974
53500
4706
24365
68244
99284
646
28299
94936
78933
37208
51456
85661
82954
77043
51128
79534
78839
48225
50598
99164
51630
10760
89966
90420
658
53335
47829
9329
23320
7240
95303
93172
28298
36020
61416
43934
36666
6067
55223
31951
43275
23031
33964
26229
74
1444
22115
95265
49669
89065
94429
17652
99826
84395
8072
484
54082
55901
9813
77402
79493
21468
70574
24143
57488
48342
68078
10507
54409
39653
42458
14036
62684
76423
40265
62758
77867
78732
74375
43889
67797
68804
61541
67623
69551
85965
68107
39985
58218
94272
33739
54064
15740
20665
78207
73229
69007
62637
83736
39768
2290
42546
53804
81326
35321
10421
60436
29541
89153
34811
73430
73302
3615
51323
40926
89518
37288
25385
29503
11858
36010
79594
65922
51750
259
44130
41331
85618
23119
25067
25386
25410
83966
95542
23088
19287
5963
83525
65180
11468
18336
38610
84771
38304
6285
42049
44174
59925
83786
90030
71784
19796
69624
37706
87899
69884
98188
29230
55502
21308
70650
97241
63070
54616
92783
86158
90255
15099
69683
55436
26567
4372
10398
27690
59028
16684
86091
3202
92961
69878
9584
64745
6026
79209
2452
93925
49093
640
39508
20947
38300
10158
18188
1370
81126
10972
87529
71381
26071
73564
43169
68990
77936
53568
13033
53316
86604
99124
72871
95917
85354
82455
60663
91381
61664
79467
1658
27109
96459
41166
48057
34760
67676
66245
36130
48802
93569
40011
36536
35992
13576
79705
4983
7864
49625
18016
77533
52581
33492
50404
48499
18847
49211
25514
26580
27228
4981
28238
54337
17792
85757
18746
52552
53433
1344
5035
2236
11265
45046
55124
47258
74974
51181
52241
82839
17159
86609
76724
69740
20101
27128
34591
55300
76339
60105
81880
3567
81438
26471
74257
15583
12228
9355
84487
82013
10699
89522
84249
21965
50921
39373
69223
42247
6907
37816
41438
24066
40777
18162
93806
77230
45290
44750
32531
37982
21207
30763
57901
18998
73586
32158
34581
85814
41514
19068
67828
68565
24943
68429
6882
92216
24155
76105
34463
31062
30273
75902
55128
71050
10416
65286
64633
72059
10036
97164
10041
47596
44279
67942
66594
17866
16453
1175
20032
74319
36595
4212
42884
61538
88994
49767
53754
13149
42224
4570
60563
88850
80472
32043
76252
90888
97329
40885
62947
23718
54401
89340
71314
98681
73635
54260
32899
90088
71787
52931
64407
8382
57144
7291
69921
46138
73410
40027
75639
15635
44597
52554
20837
41421
84597
97089
48662
81926
37975
27961
21996
92376
17302
9662
7409
90937
63922
40308
97377
52061
93240
61784
60444
66736
85427
46717
29226
75190
86744
21217
90825
47694
73771
11662
89115
58368
25103
37777
56646
63078
65739
78643
71807
99393
4657
79216
90330
68580
19525
87707
36993
29117
65843
97437
12205
67622
44154
41431
42812
47251
62648
49989
94945
36419
78003
412
11139
3107
54542
67785
82537
36633
46428
54344
36026
51086
49913
42708
36018
69438
46767
73011
14907
12610
86801
27112
96584
47307
84895
39397
94558
47543
89386
5855
314
67390
22620
11453
70497
77162
79238
53034
13795
42019
23731
66173
9457
73644
8881
61827
59434
55648
34838
90693
84610
37991
17805
81194
85299
2700
36943
96209
66595
26330
18417
83261
10072
41037
94714
96921
34551
90304
66307
64698
32323
90038
30871
41780
63682
56104
3607
39468
28104
54798
30161
12714
9141
64318
10260
94440
67018
47204
7002
49965
89886
25419
33226
99958
82808
44292
96879
17359
34597
63186
98409
83272
69577
45632
41405
33259
1736
45012
89080
29840
16162
19241
58906
25304
83560
85518
36096
66930
49074
43098
33248
38960
84869
82826
55270
67677
27119
52149
1388
78068
31688
99797
61340
1265
61781
2745
50876
63517
64110
39956
9709
80272
75550
68615
21928
75462
54134
74377
42392
3208
33827
91992
58521
18697
74819
13791
86374
1938
65941
4115
80006
13981
20264
41346
15246
82046
60444
82474
45563
24554
22431
55273
21178
14333
40240
43107
89795
94374
33836
48539
13935
67663
40532
72456
2712
15351
2599
5439
33641
68540
9554
29999
98873
29818
87697
30471
28216
48141
12946
73780
72695
51729
45405
93874
66062
1997
53333
55857
12724
3521
4396
26659
71184
61280
15467
73897
76631
18066
79336
26624
2959
5242
56623
1832
51412
44321
32304
79629
92462
45250
69761
81510
13331
15166
75384
79393
17163
45069
51602
29887
48590
55998
72898
36126
17279
4717
10023
10262
22784
5711
36887
25743
10953
9862
43927
62366
54183
92583
58347
62998
54185
28108
44508
67516
59626
36244
46909
93141
97665
98511
39381
46255
70862
12279
82381
4493
16997
8757
31107
56133
14468
84346
98228
41774
94209
58507
20492
64744
51091
78839
27742
5276
6947
88602
89145
66573
41198
52406
59714
38863
50918
99095
85118
38132
27727
83852
58977
61076
92609
90084
17209
23429
74431
15437
65203
84992
73944
2047
49736
41387
80886
93831
63016
87833
98785
52161
70758
39984
4567
46825
95199
71837
45920
96670
9969
89999
80522
85298
51075
89483
75383
84636
12912
49814
73
94468
51158
90370
96515
894
48109
77402
94725
11125
81587
9863
63286
68698
49847
84206
15523
61398
56043
77795
58068
82365
67795
38590
67663
35222
44425
43046
19859
57338
9212
36284
51806
60370
26654
64673
77617
91116
58427
88694
2241
40015
98557
81880
8713
64756
66086
40588
26155
38481
18383
84223
20846
86178
39166
4862
21401
99943
64260
57612
57281
89825
93896
25439
66547
36903
90113
44164
28019
48540
32859
30260
4907
47768
12140
29972
12525
94578
70560
55032
33060
5296
55607
53906
7826
11125
58768
45579
11069
39381
3191
84702
29206
97088
10142
95753
33991
16607
39918
62010
81499
89129
8622
2759
53249
20763
49083
82126
15341
35996
37158
48401
41292
92766
18660
49118
20243
93780
11050
31312
33161
14241
32367
62367
11329
58861
74473
61672
75468
14391
40034
73319
19872
48657
92430
89473
85772
41514
71600
17465
77510
8758
82219
35154
17876
879
84272
38120
94659
95322
85784
44173
25916
18151
22892
53597
77012
97365
15270
68832
28108
71656
58504
64332
20313
50934
53806
6085
8800
25406
23551
86310
50516
5770
21464
68393
23001
22089
22865
34012
33763
25001
94537
59679
59505
17430
29629
52869
14795
44899
38054
42904
32907
96558
7236
53221
63844
77394
75658
72645
2800
15561
75307
53317
37683
13124
38062
60684
35213
77279
11049
85328
2280
5586
61360
78137
23016
90989
31007
54164
52240
69061
97068
85147
81971
20656
54720
45815
98051
30379
34812
17203
45940
10120
86872
83624
23244
24934
60660
74809
2213
71709
60137
20846
93648
37849
15335
16664
28838
46342
70828
97430
31755
84248
82578
30078
21257
37298
92246
19308
84029
27058
52863
29970
37178
39736
29946
76774
64670
6958
67935
83236
78668
44425
20434
72316
82274
35769
5332
11113
98464
92513
24895
46571
76761
23825
76650
14370
77476
68896
50030
61505
12306
2894
7827
65837
42630
37773
42611
23652
44732
10547
23240
39752
54972
60026
28420
53598
95796
50104
81063
10612
42617
5959
73535
35731
29784
50185
50101
7260
35433
132
68766
47740
19378
92945
13577
62008
30719
72540
2012
91803
99439
25253
47907
70763
85279
92679
24362
97427
42783
5425
24391
1753
27736
97927
53836
57521
64464
20289
81133
99898
36773
66251
63990
56151
59197
93919
34511
6268
82811
36524
14423
82251
78129
62330
69366
79760
71361
10080
93540
30496
31858
17931
32249
59594
32210
86085
17115
96675
22727
14601
12925
59500
80852
93267
15652
40049
87186
50163
62669
86349
3039
77092
84952
81168
55774
54319
77281
27135
80751
70821
57632
12609
88752
6233
72204
20963
8671
5671
33990
31398
20272
46915
90898
1125
56534
6550
57526
60072
73066
36548
46421
76105
13640
31374
57274
85767
2045
50907
12902
82796
21728
86886
95406
26832
93120
67610
64147
18143
73281
98137
49541
9906
61404
40439
27383
17938
63342
1261
78010
36408
37809
40784
12513
67802
72158
86139
53569
90555
37046
82823
73351
58774
86062
85109
85607
95534
52719
49754
13677
42353
64244
63218
52259
42000
3657
79642
59939
66999
80903
54301
19759
35065
95085
32273
2867
83595
18412
72788
74150
55459
55611
63854
30585
41673
48963
32544
37207
18035
98651
50884
60388
62895
30454
28999
4895
50464
24993
81186
33815
5896
51840
53575
57313
63277
85848
60180
46873
20612
32968
37375
92423
4932
17581
23009
46605
66545
55553
165
84580
54204
67401
61320
33451
97856
90319
54699
48320
15312
52237
82135
37560
4077
35710
94874
67355
37910
71406
30580
58523
4375
84307
50946
9307
1889
73955
72264
84786
45861
88781
69366
16417
56183
47038
66221
54039
53709
20920
2359
69021
73157
846
22933
93587
52909
34159
60942
90819
5566
7874
49342
26293
92181
289
51952
10422
90596
40568
95208
52809
29350
80926
69227
85533
27964
51800
39572
81673
89072
58283
67046
62229
75481
6332
72168
28390
40491
33110
19210
62409
57336
68552
5054
49518
85193
57006
76292
75790
97575
71501
28599
43277
52427
14178
28810
80392
82330
84734
78417
71402
59369
61816
49984
34850
68148
22152
63241
24991
71615
98803
3753
28951
67355
8807
94821
68901
82166
71114
44691
96093
42615
89642
39370
95042
20173
68180
91786
2503
52914
86556
73906
12283
48372
40242
63485
32872
62394
26726
74215
34009
25529
77968
62961
9237
3128
74134
78138
85294
45248
39181
81387
4215
45175
20757
15610
65348
5289
23748
84204
74555
10304
74462
3190
75028
14704
66675
7900
77098
9754
98468
27460
51635
76436
90421
77224
79564
64555
55362
81210
26156
10895
62597
30371
56071
99706
45981
37771
21347
69730
38327
95902
96386
12789
15444
71415
43845
82120
95667
37296
8226
94135
64756
59861
86924
71529
37086
82840
52436
8800
64051
78592
19696
43000
25316
92119
42707
87649
29890
80406
73731
68218
76309
70118
97359
91753
57885
57557
90225
53552
94853
98451
64040
75961
74665
67316
47490
11751
50156
99926
20551
14207
94871
56599
73560
36539
48718
32619
24188
78609
13025
97920
63179
5686
68038
60538
13792
42275
18095
4017
95827
29300
18821
76219
5261
93486
43535
69103
5237
10044
85382
42140
24251
96605
15092
97811
33144
63810
30430
57332
58771
59808
55252
21950
65494
39642
98841
79286
81917
33288
83304
94097
78941
2125
86668
554
11963
46556
69658
17200
56600
71392
75692
97203
67997
90784
11367
1141
70947
58149
58473
46070
17957
30078
68021
83452
86072
83214
62738
84342
32854
62394
94791
28147
80871
97811
28702
92834
44367
98360
26386
967
86104
18431
98171
54101
25567
9538
55242
96514
67687
30067
42585
1997
76497
26958
85449
62570
26524
64539
63264
75730
43286
58055
3878
24157
55866
32580
33344
16586
47292
59730
17553
33396
94513
32076
87497
20081
57966
59091
16595
42006
89158
75532
44003
65656
2490
45804
28226
29014
26695
7842
4745
69981
65897
8623
10491
38115
57555
43835
54701
4847
19917
88607
54595
14431
37035
42092
34512
95002
1183
67459
53360
6693
42992
13715
72349
61834
59519
16927
90849
2566
24769
11946
72548
7018
36921
99391
45134
10828
43226
16187
32027
79495
4794
86622
10278
41830
45066
61142
53184
46249
28602
22896
52942
71594
36611
41644
49780
12482
58571
40629
15048
83341
68927
3948
90359
22200
3339
51845
33028
62917
68033
65055
42413
89179
68029
69043
47361
13095
30186
16897
59344
58788
39793
28639
46734
76404
70283
96514
5238
45206
53496
36639
44899
38775
40587
35259
60976
60279
3456
10356
23196
71489
91764
81961
60669
76145
51005
24382
89241
97543
41280
64937
56331
81073
93576
19417
73830
80211
15931
79068
41770
69427
32059
86669
24555
72647
38280
1883
49278
41737
28591
88826
13226
20355
87140
90247
96501
54497
14630
2094
52040
55910
67031
8371
53335
76960
27788
27165
73523
60071
22586
15293
45851
54645
1963
70406
43644
56595
72289
9274
98332
880
98101
27911
37588
85241
18158
50441
39738
49140
52535
8130
21402
19566
16501
74738
96526
60641
18255
70050
20712
57193
1695
66563
11839
20010
53321
71835
76606
25610
81110
74938
42843
95563
2849
80431
80804
37360
30872
36894
2852
99759
45024
24255
19325
77877
15345
32204
54870
33600
18606
75582
90794
20301
58498
18985
56664
11819
7172
33270
53782
88282
24560
96625
197
43762
93408
97353
81122
40632
34247
83974
40391
95623
24581
59716
89852
39926
8272
44722
89879
26878
36657
97025
63532
95155
16010
20196
23326
23182
69818
77108
27817
94378
90085
28014
38140
83493
25368
35614
24125
75967
35941
64516
87943
60522
40585
94147
449
48857
38870
90328
92088
91879
87353
55620
87034
19715
92168
26712
59249
61986
3821
3418
72716
10258
47785
27209
93752
89505
62823
34229
65472
15116
15098
69767
75639
55683
63915
92440
20892
19137
82768
29332
11016
86473
1304
14402
22540
93472
41114
98141
71810
61287
1560
44527
71546
65697
88088
81650
55202
67263
15879
37026
82380
30977
6794
58019
3012
87061
50459
40257
22550
49579
69589
49918
52404
70894
64320
74944
80718
21786
89437
52529
99426
90997
13408
70972
73046
1496
68974
28248
68759
84853
65275
67491
32183
88421
25510
35195
91834
92321
75452
30736
41900
61394
80654
10656
48640
61326
85600
29358
83112
91390
98239
98890
82387
11647
86214
55434
29495
55188
34
14607
40042
81661
82098
72225
70082
23961
23772
78268
16282
15577
9004
74535
76971
89658
1543
41963
50984
87144
71321
50449
94886
85913
65691
77273
13912
51906
49059
43408
7094
65446
74367
47136
47107
56465
35713
17190
96778
59486
11810
29413
75063
20815
20300
68386
26825
21843
26701
94162
25339
98022
60963
20225
287
26654
13851
14200
78560
62910
73960
85655
28356
48327
32791
75464
21144
68505
9006
17923
44343
37168
63688
35758
57983
83988
20496
84809
5831
47197
95323
31171
61571
56286
51396
61859
82940
65247
76059
61501
44510
50019
47156
89218
14698
96299
81034
35842
81156
90040
70117
25499
43561
33805
77609
1544
17793
98105
2705
39977
45302
98028
71148
6874
70666
38896
68733
53607
4144
61144
15108
48654
11163
78616
54224
42213
74915
35259
94407
56072
41651
64525
97923
85212
14682
75533
86757
48828
73638
5814
88805
18941
20195
76305
25815
90861
15201
10900
60820
19345
72044
75928
84351
99559
70896
38576
41772
45812
73835
52531
18236
15486
17056
32511
17051
48091
8044
20160
96919
98035
25974
2076
33328
62521
78381
75495
53383
93582
86395
14203
29280
74791
6484
29983
74350
77380
68559
32474
39544
58746
85005
57780
90585
18414
6644
7636
66505
14688
27796
79776
29075
70122
81852
62403
32644
60233
37898
2379
70167
40645
16582
15799
15436
39418
45783
6138
33151
30694
38612
72695
5793
39970
46828
96378
58384
53472
20366
41241
84512
64514
21017
13588
34636
2869
75991
83632
79454
30242
86011
65973
70887
18946
81773
86324
58364
43908
8814
91515
74602
47427
80563
80395
87397
27391
93125
62133
80863
29843
3374
81727
94357
40743
95315
45346
59964
87659
28978
39418
17901
31342
21743
88788
50288
19868
91464
25004
63776
16631
32872
54731
64058
13435
51478
67807
40826
44604
46292
38041
90799
49666
19768
85157
90409
31436
30503
50373
19095
75833
6143
36996
7175
44238
42136
73815
64107
49953
98820
44235
66584
48044
15318
46994
61479
66797
31153
18657
27753
77445
73050
18552
27111
9170
20061
33872
40606
66916
597
59701
42750
6740
13049
66277
50978
71538
40093
31437
37843
55265
92025
20779
3309
7343
84125
81140
90492
15278
99797
18245
92723
72847
53150
36186
82017
73211
70058
38976
40128
70655
15029
99230
93747
28079
65507
61077
15969
21952
92515
70164
93569
892
7295
13230
8235
91420
94370
15080
6698
94167
49677
15773
83366
2827
51959
65384
92391
38369
20712
32519
25376
35741
31749
19123
80172
13608
96552
96141
51913
5419
82657
45482
6311
89952
58713
30899
97724
69435
45979
4422
63603
95656
36547
63321
14836
4858
45057
7227
43227
65769
39746
84955
1511
87847
20430
81683
17807
16983
94177
69720
22402
76834
31555
28714
83139
90268
59613
80863
59703
21944
1638
39658
17600
38185
19332
32436
43044
64389
39663
2623
30159
95761
87579
48022
99960
8009
29705
17768
24992
23882
3840
63747
17069
35395
92461
208
42015
68426
97423
18071
90370
99061
74081
24322
37247
93413
73111
96643
57803
29126
99266
4314
41240
3197
52336
41200
27559
98393
75320
68903
38628
95513
32650
72049
30908
41463
88609
72924
9889
86032
7347
16611
85094
81428
57286
38693
74842
30397
35336
48997
75875
50954
53311
17115
54152
21999
74668
81711
36744
66340
50614
75372
61853
99617
63773
9114
41080
52382
98390
50970
38415
5737
83933
39861
87165
41219
78554
78359
87968
13890
27356
80196
81196
97019
13663
35348
35370
88331
33411
72115
71024
378
63839
49229
99995
27613
58343
57427
96347
56733
24749
34762
62470
8683
74623
65988
66254
69529
44347
70575
99771
71704
50771
80968
68723
64434
32668
20446
69118
66080
92561
56494
82810
72752
5723
99157
16717
64067
56584
13065
37152
81334
47827
99623
6369
38803
65611
72623
8332
26310
43198
24456
98014
10321
5424
83090
91108
38092
3536
60226
20524
12449
16720
19686
85201
22443
18843
1919
2862
91780
14984
40015
89466
79163
55990
95835
34318
37953
84810
42651
64263
44361
83459
62278
54682
88883
61720
45790
43327
65256
22368
80204
94057
55440
99890
95610
94236
35086
13881
97098
26866
28865
53465
32684
24381
9455
28519
58699
47408
29681
17702
11672
74042
1161
90302
45077
6396
52022
7219
49724
33630
29588
29928
27687
85028
29818
39649
79264
81256
53531
92715
8122
98748
46180
57158
23129
71988
85677
98181
19396
31711
15883
47420
5753
33397
37722
67182
39793
89744
74402
89517
39726
20342
19445
83765
5370
65616
23415
987
46872
76946
93702
71347
75694
56234
28505
15176
28222
30535
13357
63971
62246
29240
11391
84351
78989
49114
51534
18783
55210
25936
8300
94937
46278
44098
95054
68000
26066
18469
85339
72938
11767
95393
60637
3814
51628
5495
18990
96202
36030
48699
60173
14628
94291
87917
98979
73281
37031
50513
92064
8593
92801
16716
19882
55431
60814
14937
39784
3232
49758
25123
92523
61526
36869
53160
65340
88497
58655
682
1051
11037
49381
77577
25665
43672
65494
24645
33305
2525
91510
25369
27470
664
42086
47353
72447
19252
62290
12231
22485
12048
53707
15008
89926
90576
84520
71618
95425
43176
88652
12828
70565
38033
90405
96231
98058
55899
20876
31363
74776
28738
73085
2247
29402
31523
65952
1850
50775
28242
30433
89612
56642
84140
20972
46569
91068
5493
34539
86493
65021
23192
15674
35586
77577
6079
31817
91987
78331
69045
39703
53107
97784
12788
71706
27186
44311
37658
45388
11438
82252
75822
1051
38895
59962
38375
1816
67383
43868
52707
70228
8889
75899
85902
60828
69829
91982
8997
61816
70313
78043
1519
39772
75827
30659
11479
19365
91322
65489
81106
19113
47742
56928
36516
2989
33242
74891
4805
625
18760
57512
70854
44001
49764
73108
4829
19593
81442
13827
81409
51755
8222
99281
7880
401
29940
35711
19766
37615
1200
17224
56728
48942
74152
93244
51931
7395
68135
73088
24372
3247
46953
11578
47249
96717
84687
68430
16310
66129
98609
14071
34237
6831
13352
58469
7232
59645
94180
43351
13612
11732
60575
70340
60675
51080
79936
28958
74827
48071
18399
99199
67671
65352
27130
14920
62069
28169
99702
94731
10650
98312
8802
44887
5143
38507
19708
28728
14504
13888
72079
28116
25621
49006
14808
2648
86
94744
47958
91265
59167
66357
90465
26838
31709
33947
58110
10130
62116
57813
21213
72766
72477
46368
34006
93972
84875
53714
22700
15731
83955
11131
43847
25928
76490
75007
28576
92928
69751
92886
84194
45270
59244
91011
88461
7305
24958
46571
33788
87074
20736
55001
76192
9565
1369
10198
3538
2596
80265
42590
18327
64220
70074
78526
6500
46564
53533
51428
39492
39636
44314
40038
84907
19910
31049
73368
27216
56007
36291
77356
59433
73380
32357
51978
82945
50079
62176
86483
52675
58793
45426
71003
39365
15500
49529
45865
78416
19415
13645
34260
59051
57960
74299
43958
94222
5348
33678
37790
77708
69970
15146
53493
43350
47504
5471
26295
13935
84000
29131
66610
42793
90909
53965
98511
22761
19847
60728
1177
39262
74374
35437
98313
32334
26088
58624
26556
31437
92302
64347
25497
78624
95845
78990
21974
59701
84462
64622
73636
68462
10105
40247
27607
1014
94212
26118
23775
30411
86847
24952
69673
77573
76741
84339
9907
2830
42963
52815
50619
51617
33514
92468
30242
29360
71458
52216
89061
72272
33190
62698
57086
43295
19297
84694
60661
29861
27164
84436
60273
30363
25740
46298
7936
18834
30637
34195
38016
89952
3363
4987
41570
53229
97455
71812
82589
68913
40380
88003
57538
89923
67053
14624
33218
86350
15670
93880
32563
59187
94668
92836
89550
36761
39135
13839
55595
86124
64386
9963
76077
67749
14950
17647
20979
12405
5811
19920
97670
62543
24275
55208
52466
91328
86185
2037
94030
1855
12269
26594
61042
23289
35782
66945
60050
91269
97136
31997
93746
61522
41960
69823
45624
56910
3822
82955
85667
25985
2875
83338
88528
43503
54898
57347
34831
41083
75736
28862
59291
88005
71808
36685
11294
23942
19982
87697
31564
17118
19694
25310
94993
78007
11485
56969
51269
15307
39924
36937
57644
59151
36627
62524
2654
7877
19871
53838
48961
95607
99052
24604
99964
87212
61289
27611
11154
81272
15308
59070
14742
51354
84380
26087
45713
95865
83056
96983
27524
39332
50272
85168
14836
3251
47693
33842
11128
83916
4032
76441
95876
3084
1045
95840
90296
78687
23451
17803
76311
55111
76873
91053
6466
61254
33493