82196
76050
97892
9156
38026
74470
75936
10510
95518
42360
81358
25897
26597
37899
29653
18909
73852
50071
30275
83616
4323
70202
14282
66659
58872
18143
89670
96948
31330
74952
82128
29878
67354
80020
39034
21732
54491
14970
32242
66361
73682
29952
8610
16631
84204
38263
51893
58056
4687
82168
41673
9010
68722
72307
75670
27594
90450
81692
40895
38132
72996
23023
68010
56702
3043
7044
78434
57534
38366
27028
40247
12048
56980
48858
45032
57536
3473
96925
15593
8160
79093
73618
33523
47815
45925
25545
91761
52727
7237
49008
90860
80233
72031
58870
53287
91427
65915
31721
65313
20633
75101
5561
49034
48433
54419
94066
5970
57892
90991
21563
66053
86436
95181
15928
50603
57458
41473
58716
10185
65062
7725
1045
45295
79756
59916
14934
87535
42183
46655
52849
79168
21756
58410
28202
70189
12829
22268
92511
87073
29611
14074
69478
32399
25607
85406
83002
83065
26879
58071
9603
91941
65796
10648
53588
61904
86916
68522
49440
29099
31529
2289
8268
69637
77051
52822
56179
89880
91443
48690
93305
37406
79117
62784
69806
4724
48190
69160
4142
91422
27231
13745
99715
9379
40745
69656
71284
27662
54530
37076
73113
86060
39365
97733
55697
32768
50556
28228
39000
58351
76919
32305
95757
56036
95089
65563
77112
59632
51076
81254
51054
94659
11351
67121
4039
52097
36777
75323
96111
91308
28751
69224
93720
84468
83310
65769
17236
33866
93998
56236
92217
70917
88541
4326
43305
99983
86242
20417
59615
37318
18024
27021
31977
29375
94142
36016
97824
30920
27691
10287
38580
56442
95864
32300
40910
79174
98069
74498
29392
92067
30734
37961
79336
35628
42287
22641
35611
28529
59411
11578
82199
77435
38599
14177
23162
32741
66545
37339
80013
94237
47626
34945
67031
59842
67245
24294
39016
81667
98792
84760
90086
29527
22721
69423
81507
81361
8416
17118
9890
67827
28696
8442
61614
83647
22619
1129
32740
89164
38468
12754
99753
2446
47699
83137
62289
31297
7431
17657
12964
6223
2418
3050
52102
25139
88825
33609
22852
97242
67079
49095
81421
12127
57537
43036
95774
80156
60517
28515
85672
98985
57621
1778
17783
21672
84915
80072
52969
8698
14082
82285
31273
16500
1688
83376
57991
90513
33337
80844
4107
16769
29939
85529
45248
3828
44917
57375
336
5434
85890
86008
20771
59863
4138
38554
97887
5405
34979
67209
14103
49061
49494
45377
81913
51182
45105
39904
58048
94794
37100
78507
11563
67039
80388
56812
87219
25305
14187
87555
47091
16429
89916
84214
92644
94054
39121
90531
99460
90452
57740
29915
55865
23587
91644
37778
91121
36749
77682
49169
31544
14783
44029
59459
98174
24417
32623
85394
66075
63162
72949
29518
95943
62865
13733
88587
73272
69206
95471
89084
59658
53211
18999
15523
76798
10644
53301
84272
63745
47335
49793
11641
78470
93822
87453
92997
18240
20076
78391
84315
83239
67692
13833
95534
46910
27566
84122
36534
13124
79593
25618
72782
49156
60969
4657
42307
87965
57958
26579
51711
21646
76372
79704
116
70195
67157
93113
4787
3586
87856
89102
3177
71901
2935
98711
35163
46854
82833
71697
59978
78778
13667
49113
44287
74636
53770
86594
78954
28081
13173
30665
49727
5897
26721
49843
92444
93879
59309
97231
13817
47165
86333
16994
35418
5621
15705
70581
52475
14891
58630
28805
10021
72297
77918
54308
63286
48041
40902
42240
76122
70427
89257
25849
92677
15978
92044
85121
26209
51353
98705
40026
14871
85038
73372
50289
7011
89078
37223
59486
20321
95853
4644
30342
84503
98914
84651
47789
46955
41905
90029
39429
28685
95638
65278
21362
11616
73675
22835
54178
41380
21540
10556
56251
22931
83929
22893
29942
73007
60116
5781
9680
72321
10425
40022
56824
25691
41025
4613
88999
82931
10994
28428
27968
6632
10059
49330
34601
86
88517
88779
41466
10058
99335
97718
32989
83264
36963
62931
72623
13431
85064
82303
85752
11841
38678
42577
37533
79703
63542
26532
78986
74537
71312
6954
81169
97723
56284
15770
97809
44802
20901
39276
71212
20237
53346
20553
19853
90309
99836
8829
3740
84901
7484
5844
96742
46162
48421
50627
42218
11964
93511
21204
2853
64824
28159
374
62547
795
16145
76709
61949
37046
15985
33161
73635
85683
53714
9841
75992
53551
18670
96084
54804
42506
18280
51546
88669
66702
2174
47239
95018
95685
68443
14223
76861
96602
14597
55761
13750
30742
32470
75699
84141
64807
25213
74128
50490
95279
83969
42834
65182
18991
55270
19986
77850
73550
71533
82871
56604
90059
30110
67974
2096
98553
82197
78958
11508
96795
34719
25258
43889
83541
17309
28030
48348
58874
18511
15190
54154
18832
58024
19336
54176
29646
39323
32026
3196
27208
14897
59801
17267
45007
27775
19363
43560
9973
14673
71420
23120
65744
13030
67009
49285
30340
11392
13985
89214
29903
29175
59720
48735
3551
79057
2911
33197
18380
51289
36394
45588
66186
12547
79207
11193
56674
14922
71106
82999
29596
42526
6119
11692
55557
73129
60978
2249
84521
74963
7815
30776
20491
67536
95863
24042
46593
15127
57240
81325
66416
9986
43265
32603
22533
38824
60148
95559
53746
31254
78559
99694
90133
84678
11387
62042
57807
88717
80643
58680
80032
88458
5808
523
72346
1672
40918
35291
16799
14510
16616
83215
24496
76233
32170
63381
15057
92319
58940
68804
23573
37499
84850
30058
38530
96237
92100
12689
1306
89095
71370
81339
77554
93530
98214
66252
95202
39132
1544
28353
53642
18160
11569
78138
94394
43739
57871
9451
52410
16812
94607
92336
70663
79458
22394
9193
92047
30847
21883
93354
19942
9605
91045
13848
3135
89259
80101
14690
28392
81645
43043
82034
16157
70964
76525
26903
31056
34396
52707
83466
67560
47314
75802
38224
43124
14549
63769
51524
61748
2004
44878
81690
11609
52275
11891
31097
41534
91992
45787
69926
89989
88830
68313
6146
59795
44838
33050
90851
95586
85757
90669
63147
49423
82824
17723
8900
97373
81492
60424
59121
99849
21654
57163
11458
73929
69054
58907
15463
77398
4694
85390
83739
9877
70055
89886
86024
14893
39288
93227
10479
41397
83896
89978
7172
66720
7701
16072
80445
5546
76496
39566
21747
98150
13082
33205
72079
98488
92113
87543
92239
13159
89285
75978
23036
75692
82216
25412
90585
21504
18639
17416
79253
2536
23747
86426
85608
47800
2498
66054
53346
78995
21972
91445
93497
51406
24651
65577
49895
33116
69472
42134
62627
75109
18112
2016
50801
16681
27428
57738
38185
46068
91506
33791
64956
15253
20217
50564
63054
39067
32970
32752
18062
71295
24198
11560
22701
65201
93489
72596
98317
79313
31082
77296
54422
65547
79312
21575
82228
23093
79313
36765
69161
70819
86908
50469
2425
7125
17385
65479
46193
50356
98231
80607
38003
22429
8519
60704
87630
2008
49653
2299
81321
97087
79596
52095
62634
75260
90022
61214
98353
85687
14332
83866
72859
1240
34335
75284
24718
68073
40763
87263
34781
38994
67870
72784
77776
92742
49840
65406
94750
99493
84058
92424
12933
80006
60871
91919
71618
50894
53134
69972
36581
83818
70190
9440
1410
20878
84724
26128
88951
41839
29743
23732
80834
97614
12868
74962
90356
62708
56720
1458
78554
40778
10234
91487
20784
71106
83406
8755
38352
36540
78727
74933
36710
65269
726
38121
86147
1802
80601
91450
43642
10345
31534
40828
24311
44402
15790
31019
7111
72510
32477
85665
13289
59064
77152
50425
46522
60558
59180
84874
13451
54259
76159
50161
35881
93237
4634
22028
95040
85236
29831
38682
95581
61365
79510
36244
5768
95300
67263
29231
67810
16092
14896
97451
75156
8400
64229
21678
85310
39761
22904
98761
94021
15416
65275
46254
8653
69909
84634
3693
71497
14465
58727
83430
75831
38237
19674
97951
49889
86937
27182
34052
3030
58430
47855
94538
66830
12084
16217
52140
51846
55473
67254
62219
70889
32529
8473
95895
18790
93107
15940
90288
7573
74668
73718
99756
29257
93393
97707
95499
80330
24889
29551
99712
83319
77406
94251
66501
5843
26820
18641
57689
82293
85895
36260
69535
34776
61085
65430
53567
70544
97722
43855
94469
72390
17573
94225
18000
27318
8284
13499
24001
49525
43050
23713
49196
36808
17964
15697
42651
44784
50691
16692
27078
36586
69304
12965
87715
30389
94747
41282
934
92469
85137
95403
81212
19062
5981
99212
62733
14265
12711
86734
63791
72113
10447
12987
25273
28412
45037
84277
73196
95728
17321
16626
48666
86626
45943
36381
33367
40690
77663
50653
49512
79152
62409
47076
14567
68390
46288
93652
99007
75351
80386
79150
63816
90833
8490
89089
35597
53527
89718
25146
65607
7040
58124
14273
93666
4068
67007
43385
61110
61022
94039
26974
56527
56448
74050
71094
41190
36690
81098
40197
28393
61484
19348
92209
68669
44190
97651
4267
97717
87369
45765
63324
94409
3889
93949
4427
7957
60956
47813
85420
21979
58204
12394
78506
14652
86445
65952
72194
39487
47050
28743
67881
24886
64443
60090
93555
8633
74093
14174
6350
61463
59939
86026
72224
63829
79976
76652
88138
40932
40817
73558
62911
99021
85953
57769
30025
88750
23721
2219
28237
87123
30962
12470
12009
95406
72561
5565
20391
63006
19739
26742
24469
96031
29120
96694
59860
9096
89698
64350
66381
30515
37909
45644
45888
40214
3414
75913
28964
43487
94484
73553
30611
41798
86024
42620
37204
74937
64537
57596
54295
84277
690
78765
96660
46162
91811
56520
55259
97861
20870
37992
28376
75131
99988
90616
15345
3402
66529
60661
63242
61013
50567
93853
2811
52943
52825
56368
44232
17363
30316
98527
17992
47358
93644
14652
93520
85455
87524
65131
83316
24746
19475
28044
16230
19464
18660
31575
39218
1541
8589
2460
62554
59156
12665
81718
12099
65491
54438
72683
99206
1106
71210
33550
64816
64855
48202
58336
66662
52078
39820
49979
93176
59295
94375
9406
78759
13036
57334
17978
14577
65923
36790
93484
25079
49456
91554
53530
31299
62344
26213
46857
63450
13775
80407
28266
78630
44961
2954
45293
13391
42774
11624
6567
18422
5999
32326
13533
35387
89660
47863
66317
55583
84654
59801
97014
50462
67707
50544
98113
30051
93109
44970
93501
6884
41729
38119
1867
86690
41073
63512
81
200
75136
23000
34974
97487
55326
48507
32875
44986
96371
99192
16921
97377
75345
13935
64191
43052
80831
62304
73103
73940
23626
82956
97177
65355
21075
99044
52045
78500
62556
68478
95052
54044
7830
30026
51531
63157
94886
758
24495
7609
16302
41417
4986
91647
55352
85529
51051
52536
47833
40506
26476
87811
23462
23653
53166
60889
39049
21563
39390
1605
6393
50794
55649
14223
80821
23533
93732
75707
24291
18228
83316
40594
75997
4654
48593
47701
90183
99645
237
54368
40151
43066
42179
79966
66719
95345
40855
5769
33260
96597
23726
39653
47392
79376
53876
28213
2909
63961
20272
43552
98541
19940
84146
74538
24594
49092
38591
31129
48737
38829
85497
5240
81895
44028
85206
64966
39373
26062
87087
88985
39011
10814
28638
86403
6542
98866
30968
9451
62827
51240
69355
61368
87532
53502
52258
12126
2594
90850
43255
67683
46031
45104
72923
27926
89132
74482
92892
44857
16896
96332
33842
55907
7146
78832
42311
13688
77699
89631
39491
56878
57224
8846
34599
44756
78700
86857
73235
97646
94059
32842
65329
40090
77947
54605
84368
83431
45439
93613
28289
62335
89945
78483
18242
97091
57316
76905
10779
35015
82889
50270
8245
40113
75468
42844
84869
54169
46054
74456
51815
40113
7299
33497
96556
1598
4454
80924
85029
49893
74537
13318
12228
64482
8154
46822
61573
65470
40080
88704
485
22969
55326
25082
63082
30795
67927
64303
1316
13981
38760
69483
70446
62411
19332
67002
64009
40138
47927
49038
90031
38816
78709
18611
3299
86863
81786
81224
52333
21866
86281
69170
61187
41607
94252
24269
88754
62179
4924
6422
92512
60036
92258
62959
22447
11590
46313
86456
51729
10592
35495
58112
49409
14204
93076
69060
1067
74862
66636
69752
13080
52917
38922
74267
10877
49526
98536
15983
11706
19812
22406
20570
79849
31016
99881
2296
42606
46195
88753
10687
73139
24248
68800
22548
54804
61876
7960
72223
53090
74597
41975
66170
43866
97249
40437
54743
46775
55325
70727
74833
75137
9485
95404
54986
40501
95285
73635
99459
57832
62388
10147
47324
2988
95299
86224
57792
57175
94185
46367
10265
85134
88342
76435
29000
85591
33224
83744
48718
88549
70823
23552
80038
96660
18956
35025
53513
30593
25012
52972
4778
87400
79471
52102
6740
74770
38326
80884
31945
48863
27251
58562
33997
31945
51349
62998
33888
84573
63094
82606
73122
50269
6158
69513
46929
41466
20890
442
88412
45902
69766
9542
49654
49238
77996
56394
24008
32674
53630
72306
81538
80881
30868
31887
29178
82218
11237
63066
83143
74331
45672
72618
24600
68183
42131
87881
9649
63021
4675
14413
8923
74442
23955
58577
40032
1951
31323
80392
50978
84953
52698
32516
82186
99919
64403
11364
82137
75641
74430
81632
66324
36454
54250
7277
4637
96381
11510
30639
59402
16186
61404
84677
6980
85360
59606
47012
3663
90929
27404
54641
92234
96455
3509
74420
96374
84265
2136
94863
76258
76566
76495
42582
29373
30746
66211
34010
27127
77722
81001
2882
93908
42406
3911
17240
44118
63518
80604
47781
54447
24360
18775
46682
20815
38636
37454
33541
22901
39591
28404
99159
32509
4900
58094
61882
35646
24305
12245
79125
2027
93246
98359
12287
35652
2271
45879
79770
65789
26483
43904
36588
50844
79031
99622
88011
17667
37077
21553
40569
93020
49957
56080
41881
71209
14174
3764
23207
54832
16009
2333
56859
25607
17044
85499
61260
35667
31378
57382
1456
74214
1286
54397
41410
80317
54019
29421
14337
7448
67326
54906
16820
17284
10986
58702
88493
41513
78818
11701
96345
11179
30386
69556
36786
63782
71407
14398
99450
19138
71781
17258
93352
89419
71655
34762
86089
25675
80535
426
49475
47862
71684
66296
81498
99022
24998
86343
40535
20168
14396
53232
31347
61134
22789
68133
24917
94196
82532
24367
29686
70665
41625
23038
60084
29633
74152
62525
55308
54688
62951
21135
18902
50987
87431
400
50010
28781
86743
90545
48949
17492
43778
80296
78626
82919
64782
3543
93467
63666
44262
23154
34331
2240
62544
10767
31873
36697
73293
3533
7737
52596
24668
26639
3584
12100
43391
53594
57233
46486
60491
6183
63978
20621
2831
42605
3540
67613
62500
13360
31279
6763
36514
81962
9003
99058
92730
40876
52107
82375
60761
59844
34971
85429
2835
38555
13881
46226
8501
71115
9065
68993
93650
73043
89614
96481
32000
9507
80447
94501
22867
28078
1264
75733
10041
26619
91143
19123
83847
43251
1498
44608
3095
52821
30037
5931
91377
43919
68509
99878
31386
93926
85223
25036
66970
91190
21517
15322
697
18316
9823
39916
46395
27439
32001
56436
70410
23144
91911
54257
66395
93409
98865
69491
46230
45255
91774
53959
5526
76635
70190
53264
70562
55413
78300
53884
62955
16169
69206
63652
34486
95382
19920
80881
22821
51921
53669
9584
75066
45580
63841
41461
55341
79059
27304
17923
40666
35430
71883
62544
12066
58425
15808
98980
30190
94108
52864
93146
26629
38422
73150
61115
33804
93071
58348
72978
61344
28369
82562
52762
90301
62755
94224
45642
41814
37880
79918
98832
73311
51801
61376
1729
26578
77184
709
56768
87644
69925
49914
14274
8347
23065
91741
42152
32488
50090
31482
10184
94811
14044
62947
85113
76799
73523
47107
34966
11403
27025
33798
1066
95178
95175
2795
21756
72359
3504
78525
76356
73429
44791
90630
98129
84208
82371
40281
33048
48813
71763
43233
43625
2159
6180
28738
78958
79703
92197
30276
7458
19223
64075
8525
30753
75602
11320
52510
64313
31177
47387
40669
20958
8530
31299
19087
9091
30023
75720
42139
78836
63835
85372
22461
65994
7904
67551
61305
3959
76101
91581
11418
11676
72008
36295
42429
47610
47615
11291
11924
95144
75030
52593
16103
83561
245
51542
92652
30268
27263
51143
25456
7450
52868
47918
73445
60772
31821
51102
81084
24274
59035
8854
35950
31044
45149
78380
95006
9116
89671
6930
20613
64702
75876
53068
64615
76121
4610
73619
22741
48225
24762
48197
55676
77630
12467
29121
54755
60641
96575
52191
84915
55610
61045
20866
86654
22546
99246
81661
48014
5269
4943
68627
86323
80819
21695
67290
73292
26306
40909
96033
74531
82024
44231
30207
59654
73050
75680
30761
33691
72255
99304
18607
44218
60349
39473
47224
99247
55071
28885
47262
76692
50181
32241
63016
47352
53937
30306
20645
96595
87568
16678
87478
69592
77261
34038
45598
50312
26070
92712
84003
14678
92016
18962
58896
52366
58435
6120
67965
29858
51358
15227
6551
1539
63821
85919
48891
17758
16225
85888
30705
20145
18919
34535
89737
96180
84925
35336
62844
10996
28048
63200
25674
20064
82162
84570
88782
56950
7042
56748
3160
58400
88327
9711
76291
52148
11982
25183
86258
28208
27423
33315
48353
46342
67851
54443
58875
52776
89779
21719
80124
34179
1271
22150
70595
99786
23072
75730
73088
30115
32478
76248
88515
37157
2312
64807
5658
14294
6342
91916
58854
33765
25232
23560
80108
9435
78003
55335
78563
84134
77054
75040
34665
94678
97190
21612
94464
20263
97342
83904
50378
46172
60152
55245
83330
78816
20052
88988
93111
42746
97256
51965
92864
38840
91877
72972
64627
86232
28307
43191
70366
21713
34583
21383
32743
31773
42996
43559
52036
40338
27463
18766
86511
87616
74012
86193
66432
10416
91533
75895
53163
88789
44213
46027
27630
36090
35351
8609
22323
80010
51800
9041
18075
2735
46777
50819
34509
89773
94378
2897
46463
38194
21664
32974
25810
12028
35519
8594
22444
27052
842
91959
15842
45055
37986
59824
97497
89689
68433
36172
86051
36586
61566
4127
39321
8343
71298
90182
14468
82028
93080
60931
20222
31096
93906
62384
43124
45777
87331
65568
72830
88173
73880
5024
49580
11866
64848
47077
17908
49633
99602
3959
86219
61168
24438
41893
85863
95736
32075
331
77765
41507
61262
14339
72603
71520
76724
32079
17298
64055
97648
90128
52228
87880
95152
1808
99746
76352
65237
34006
25985
64839
54318
28557
42359
78756
86802
28222
90845
35229
28553
84962
76737
89816
99301
65692
77688
92377
97772
94986
56432
11772
1466
25012
99652
12970
26820
15750
89322
8410
49757
31660
73249
20427
76569
15609
99183
63371
43831
6380
98600
88737
91342
91689
94905
6996
57382
72593
99373
55154
67580
55806
83278
85398
80818
82930
98369
23991
98680
4043
48753
64789
35703
22002
85216
28624
53963
752
8347
14147
7132
23300
2884
14827
14989
97789
21823
88723
86734
21196
60229
54314
93354
43507
39713
90525
26437
38082
30868
41470
58477
79621
6259
94181
1623
7828
39157
71939
8580
47505
86086
32064
87157
5322
46891
2146
19463
85066
7222
6197
6263
67451
76864
15969
27311
32929
6494
53748
71011
37362
11570
45840
16983
34182
56373
34959
42010
95531
23250
66942
59388
25688
15358
46545
47362
62250
65043
66825
47316
72265
89374
69931
56069
66238
85901
83380
99167
8747
53480
86530
46110
65051
32371
79445
15585
88744
30756
57595
627
54006
40889
60015
79694
56247
6560
27056
34849
71604
10233
98518
60221
99608
68449
16290
82198
70702
99670
97718
79450
69503
84248
41912
34554
32971
21357
50139
38068
68466
24086
38695
22472
81327
98711
18519
53926
21623
61927
88776
9579
88513
87294
69801
4473
72095
2443
86671
42798
18466
84389
22248
87969
84990
80512
22523
34313
1869
89014
72381
70335
29452
27429
9160
10779
42492
44031
64705
64115
22310
53481
90047
10823
57127
76200
15296
29223
78643
18320
88373
97109
19061
26973
1430
20403
7485
23953
54717
25706
29319
43450
12394
58771
70879
21554
85902
13371
81937
50608
93839
20599
20441
83886
31423
93921
60086
63071
23144
55081
97743
27869
68543
33157
54842
69973
53560
62327
10279
24629
88033
39598
84432
16779
14722
71663
38333
624
1387
36622
67584
95226
57222
88026
95464
4997
81947
71902
84420
21443
26983
82164
65664
11878
15321
20506
81852
85233
99185
92131
26215
3570
48081
10647
20350
62803
98662
75035
79780
49
28010
47364
11627
85232
51742
7091
90229
50041
95345
91001
71484
38681
73165
37148
50559
4838
74006
32411
6424
89543
40894
32639
93114
88976
59638
29816
68131
58300
4851
47911
74702
49213
95276
86329
34445
47018
9773
41026
97060
21470
32028
84896
60151
21545
38397
10711
26384
28755
59474
32808
18299
16721
81799
27765
5697
57789
73933
90180
32441
78784
38092
7143
44350
49720
93473
78795
13090
19598
36174
26502
41068
68202
11399
1220
89747
66148
28283
32483
11255
4109
81643
29554
37182
79794
73671
42879
37583
47604
33060
70025
42741
87504
77168
87091
37224
86993
82238
50314
22943
18412
76817
64012
2966
4568
81584
92714
87068
26219
41549
98323
46680
39545
44230
83863
19339
17901
43094
56923
65506
92506
26948
24599
80010
20468
11690
17234
23814
93928
83901
46757
12341
60718
27121
15307
81638
8705
24373
68706
51276
82275
67029
14309
21820
11259
98172
41159
29161
57618
98082
11019
50125
41382
35618
30135
78203
63660
63722
2017
73940
47623
48774
2633
24693
75896
34293
6331
953
75018
75037
68582
57293
58418
82891
79113
69678
97415
36625
15191
55033
51059
42562
5158
8794
94532
51646
86997
58192
15368
89014
48484
79343
54140
51118
4036
30036
85411
26719
47342
60429
18108
15924
17723
76526
15167
13188
62556
12582
66165
77747
67615
33577
36661
89126
42371
31193
40772
29368
5737
72492
34734
54222
51835
88874
5340
55871
18911
7103
98942
82605
67532
17050
98529
1607
9928
13696
31148
72485
42630
97313
66584
26597
30890
3246
15723
73261
50791
56495
18981
56529
28987
53715
27103
80822
42590
32443
53045
77853
55898
68339
76810
23430
85389
75339
25038
11670
5387
56186
84155
64369
69851
67091
90966
17094
86689
6690
6707
37481
79537
25689
10362
8525
95756
37465
5699
54698
86260
75097
48903
42158
43436
25713
81940
45178
17404
23330
56848
39143
95868
57355
3512
65720
24446
94479
82814
27488
1169
89521
64969
97058
31562
91683
5583
43671
45500
27635
98369
31760
19084
47273
90270
62520
89338
88562
24050
6743
11893
97250
45886
7761
54605
49399
89833
95404
60230
88999
22892
77751
94873
4213
74809
26435
95896
80393
70106
41396
24380
84828
89508
43464
32101
96130
22336
21439
84692
46387
44534
12937
59989
90421
20699
30947
39820
26884
26351
50
15884
65595
77801
10757
69808
68962
37192
82056
65707
23651
39804
90087
8479
45664
49903
56932
58146
72240
78371
59190
34979
22906
72128
94968
29679
9179
25915
85851
36063
68618
85901
51947
34213
80054
62704
20373
49016
16249
18781
31076
39900
74937
21163
48379
20601
71067
21663
95099
59659
16386
54290
94638
55644
26418
5958
85323
35597
48226
71174
88012
16844
73427
39960
67410
69833
2664
4135
35202
35265
22917
66278
75165
14206
87441
39896
34808
74860
61559
46259
50871
77946
549
45509
33590
43319
67820
35266
78916
16046
6440
83281
49242
79868
23241
33004
66053
42257
37140
1255
77523
76409
67533
69040
90615
71327
25289
41775
62539
3200
88035
13411
81146
4936
75272
31089
48256
43092
66355
27172
75490
89147
26805
41085
85367
50046
74089
51421
8656
27581
52676
86179
20342
36562
71571
27310
24241
96860
85437
86780
61
73472
191
97559
78409
75464
45000
26665
34908
27707
70189
26751
16855
96995
67836
18574
63393
58277
69995
72049
2211
39024
74580
22553
91938
46152
49863
16179
43012
51653
2959
59425
25125
19503
56985
19886
11319
1985
62903
46227
46045
49445
89330
62900
62792
57166
81474
26185
31796
67822
98235
34007
23198
89167
56560
15136
35319
22776
31315
94684
74429
34274
54109
15906
70129
27446
52145
81448
45784
15048
44028
91829
64493
33358
71081
27285
90525
68907
69823
38673
53081
84410
72680
76279
73577
45592
91415
8897
84720
22730
19933
75501
73357
90394
7760
43486
17841
59905
24935
79977
74953
68963
88158
55799
18673
59239
99436
25550
44498
69259
64223
97580
53669
36903
73859
43599
98848
65275
68848
83568
4357
88781
59070
77714
95527
83182
37553
29720
43087
62488
9697
34392
47803
97855
90191
66476
73446
5980
92027
34297
91591
56250
31877
61613
9506
22088
5212
8354
3715
74060
8274
8073
79193
83696
2139
74720
66878
39692
4441
9965
18532
30490
44358
82687
28346
50901
49164
18144
73233
57543
52441
64825
30145
670
26438
56003
22759
31650
64357
26474
22062
72632
50899
1255
72680
69391
92327
39559
9083
96768
49524
43968
27259
10234
26655
71957
77488
75819
6453
50721
49714
75247
31898
79860
75917
58336
35863
15028
6338
16573
57855
28400
5557
25106
46007
78237
94497
38335
17796
19933
51455
83673
63901
95066
10259
90556
83375
87747
82728
89829
54821
32442
81428
86719
28654
57345
61408
80870
88726
67746
13795
46581
96147
19352
88039
58506
13941
82537
13193
48090
2470
64649
31763
66371
76067
58374
56927
59443
62474
56007
65624
33647
4802
47052
20366
33456
20749
81774
30678
9475
49521
44473
72408
62020
80177
60448
36878
94119
42985
50072
58561
61807
31073
6676
28178
7140
65050
1457
82935
27524
73817
48559
61171
78619
11963
97890
28427
32713
96016
59106
58540
61889
19931
30949
40261
16461
7749
77140
26932
67086
43564
85493
28893
74637
92169
73423
98129
73571
91232
81065
17448
65049
45976
94971
43668
57940
92861
88448
7005
5230
63906
65545
67119
83837
12846
7381
16650
20595
84521
43582
87681
28085
29075
32926
19074
37596
6349
33555
11168
97582
30972
44968
78983
76949
39939
39004
51241
32801
27452
74598
54383
91358
40143
21502
91547
52990
28883
8198
89937
29756
68132
93971
74193
97208
26897
9619
51156
49599
43175
78676
63533
74147
23644
42516
67448
63584
97872
35041
12737
25324
9639
67120
33034
66135
88622
24582
35477
33858
49132
25414
79966
17264
35737
54160
30824
62635
80131
81981
28586
23306
77009
92119
13806
654
50987
81254
64238
48860
16296
93327
90536
25935
60447
23571
92070
65421
64505
43899
15631
13637
69314
95598
30901
5051
66110
78078
84038
46241
60059
12624
85900
53420
21095
99706
54074
88435
80960
34664
53647
13608
27991
60535
55896
4790
84106
64318
86564
64963
8218
18547
78600
93884
14145
25854
98935
96607
3932
99326
59201
80343
28302
45101
33763
65750
61159
4190
54185
58471
38854
24184
72080
83198
84719
44328
4340
85178
8646
7256
50141
33216
25804
45094
27100
39949
87300
42388
52909
7584
41714
12110
4279
70016
73563
38042
35766
34722
42232
6303
93193
97439
30487
81625
96989
31559
25953
1329
16737
50952
8586
83230
84168
50742
44676
11269
7043
48328
53657
59952
55912
11723
88414
60191
81739
61977
14586
33858
13051
73170
40161
22597
86961
87001
4222
83950
18560
46528
1632
51649
97480
26570
51231
98000
77312
95908
9269
84355
44236
79278
60660
16501
7353
49074
93044
89093
27404
7630
39303
40455
80801
79464
63052
67762
66465
67275
68065
1377
30155
69697
53026
27635
96267
4258
41987
73579
16518
51257
74286
77106
46887
34946
93607
54241
373
3004
59686
27777
10634
15341
68232
7787
94805
47637
91902
77623
31264
59967
79000
61419
29664
48379
5406
42283
52637
47393
32214
85507
15002
6500
62613
78242
57799
72573
48835
58172
75577
8521
2301
2563
23862
86885
10351
35019
34522
2253
28994
65786
78572
24347
27205
8236
72726
32611
66871
41715
80005
99085
27222
11359
21937
6187
89601
96088
78760
38436
70612
70689
46957
72913
73253
87171
59799
83604
38543
94321
2209
83889
76460
80781
8236
3665
5369
80962
52629
72240
39029
48986
87677
82603
60345
25966
88791
49947
22055
83903
88383
9019
54593
51693
81933
44198
55216
58084
44154
10111
68757
46363
94001
45217
43496
2237
65235
48865
99552
17864
37457
54933
66850
25134
37537
43547
51100
42680
9846
89507
26583
98230
98527
97528
66275
96812
41726
21491
54896
85880
47955
40005
48595
41956
85223
92091
60545
50458
57308
60097
84674
94765
15031
67876
36251
68920
11423
3704
11600
21270
93211
38183
35852
8090
52064
2127
4902
10142
39970
59798
96023
87925
16156
60970
46233
1379
69414
6779
68189
26722
83228
52863
37840
98259
20739
74091
83531
48514
77795
95131
86136
87359
49667
21988
95449
1731
40467
352
11873
96790
76502
24248
84715
92658
1571
30949
94037
70985
54080
78578
14059
37308
31441
51899
51920
68532
25991
35451
33399
20138
46935
19535
7497
96602
57876
2947
14685
98343
3299
26558
95133
96153
67159
96201
88812
85082
43502
99201
56067
97582
77780
86478
34890
25573
38378
86810
10458
80721
38614
43857
17211
85549
79744
24709
82151
37620
44008
13188
52316
63659
56098
63801
59812
23257
76354
64976
24691
19856
64178
80758
33790
58310
67237
85033
235
21967
88195
10693
19040
26809
70902
36251
12358
50647
77312
10861
4619
21320
40401
73287
1331
96500
37089
61144
36109
29795
42472
60801
66004
23002
41559
99794
97664
25148
84827
97900
63467
73023
24945
98859
16184
12200
35111
44895
79199
28775
72108
83818
66448
12510
57106
67779
9010
10547
45275
45119
56694
87748
5920
22698
27102
63832
22493
24767
5332
23672
22667
85152
13047
63964
84011
29232
76164
35474
74127
55363
64250
46235
55534
30698
75097
28992
14829
84107
55891
60105
29227
12585
64205
51499
35284
91307
15331
57777
16074
37016
97801
55093
22168
10849
19058
6179
56433
11574
41654
30560
83290
5904
93147
55176
52954
68245
84168
67783
68704
40059
44240
97931
68996
8445
65783
4280
99753
81114
78409
15827
34482
76211
87273
56650
3412
22683
62830
59845
50609
20836
6757
33899
43092
16256
5427
96046
853
89595
80181
69558
46006
24422
83841
15003
32867
49624
35635
48972
47091
14045
81152
81573
6608
68425
38224
10020
91108
17406
69865
58069
38242
92974
91969
97686
9230
97396
10084
10084
3344
90265
79642
65702
31039
79835
80705
63907
29460
16341
29231
76551
46738
10383
74476
53346
78808
12700
63366
86268
46458
49583
44338
1052
42557
52659
98738
51787
66407
8822
78223
86103
15440
57865
51806
46479
37701
48863
26738
83513
65204
55970
76416
28294
82705
50892
81640
61514
79945
61358
64134
26403
10941
24824
43808
69850
93835
42546
21638
60243
67721
16213
62698
99513
90431
14504
45992
28132
63368
89083
27997
44924
61405
4413
73219
44110
71657
71211
21976
51602
32570
86111
94358
43511
27287
38166
29714
21123
97064
51352
97718
64785
83917
60416
80650
74348
74921
26643
18832
54641
32078
46829
15917
93483
67594
5488
37593
39252
76700
75922
90854
9270
62033
85212
69133
89320
39730
98847
26795
36795
66551
24513
17932
50469
84930
98583
24817
76203
41578
43650
47196
73656
6831
63113
83491
74426
68602
37436
13678
45302
13358
20884
70924
91743
6097
40057
81064
62179
55257
24211
98974
21808
48725
16907
88629
50007
31842
13447
26210
73420
73449
73406
63428
80280
52871
46919
54706
21473
707
84736
83127
14066
5621
54051
5809
28070
10461
3225
90249
65718
27437
5576
87526
76162
38835
76156
26169
70677
5955
68731
44097
95756
58489
23877
76036
11360
87148
47095
49186
87855
31831
32313
1921
53804
2717
24083
81874
13178
27308
72124
95248
54745
94052
99126
47259
32887
91634
89780
3564
97589
74863
64013
93345
33352
87890
85734
61065
91390
32829
10251
79245
81012
58916
81167
34817
77985
5250
33043
7515
48910
21519
2763
20008
15571
18242
83619
48458
9876
73400
68374
23818
64615
32387
17163
97968
36629
19249
75385
28019
68430
1988
23617
49443
77256
4784
612
55242
26386
50007
79109
91648
71527
81873
11656
87098
115
95276
51909
26343
85028
20283
50161
49643
69023
83677
63963
5652
2926
55700
50024
87709
57688
73641
53504
34945
94777
54116
6539
37515
4123
85648
29163
92002
83873
57172
79101
340
68800
31010
26684
53828
67645
93197
19823
36668
76874
139
58673
96153
72191
25049
83862
29880
98690
37366
81177
9819
7834
4068
63686
28309
89716
92849
20312
89942
66373
15765
90282
35173
63127
33318
5353
30772
26516
41529
67441
19742
41668
42466
15895
13859
67515
16109
60091
66205
53475
57620
92376
77661
61688
56062
22323
67757
65263
42635
57699
31637
74752
64333
83162
37879
97652
88516
68651
40520
30045
52444
60262
88065
94910
92510
18276
62425
8619
94720
44982
78447
52340
53710
56108
30381
26124
78431
98138
91388
37418
72189
39377
12170
36522
22539
66401
34174
11055
51405
74694
57452
20201
51309
45517
31464
43819
80146
10241
52438
74866
55224
30885
27206
25286
3346
73939
51411
98129
72077
42799
51900
44266
98528
80422
97141
21067
46824
47667
48475
14581
22362
5927
34782
73671
67797
66246
33842
47943
76488
86280
22809
48064
33518
66367
73350
53216
40307
41113
51345
28736
264
19597
89355
98792
20
86496
19860
63196
34163
84687
94129
72877
90614
28911
62900
74763
11510
96742
22706
4350
99375
61867
68766
32893
44587
58468
86109
84894
99582
53806
29982
99846
73404
19337
98639
89776
22185
34851
69324
72701
19538
63453
61930
10152
92364
24831
1268
20226
37925
40326
24576
37300
2194
9694
86545
63133
68163
89006
64379
67745
59165
94361
67591
32569
30051
82582
38697
68588
17433
8021
41289
36971
71474
3220
63476
80190
44403
64744
417
98680
5070
41345
35981
23616
51040
38878
3101
19203
27885
67480
3300
87050
78194
87243
35971
8245
69826
91020
76833
87259
99041
34475
24231
86867
54047
4059
67057
14802
68803
83826
13482
90225
41524
65815
30194
92564
21046
49647
28119
65283
17128
47771
52333
95322
35014
4656
19919
4840
95676
13104
8452
11069
47579
49035
97936
17978
53094
81345
49132
38249
65172
62615
44826
23048
44782
91372
31964
65828
41020
60083
31111
58148
24206
99796
69822
59220
20804
89741
64061
32832
2845
72513
43901
66777
21548
58189
84755
90994
55887
33888
29243
37411
12855
90421
60459
73989
81794
92423
39818
22814
68858
87281
97314
93064
87078
67136
52284
7882
56877
32697
57067
59722
21562
968
26499
59462
75510
27607
50456
31397
77847
96051
68808
7054
86473
29267
81043
84619
38042
20861
7433
6900
8143
4747
99964
11573
88235
68600
35807
45112
17650
92874
21186
39212
10195
47686
98675
85705
91645
65483
33454
69492
77887
2262
76546
64360
47881
57589
48979
85923
94803
72764
9175
19298
93863
25491
47223
82098
94091
83030
27210
11741
92257
48396
67306
2452
12434
82333
4509
20431
47816
37963
89923
25703
56577
82821
6415
20810
56763
55394
6733
67918
44510
15908
87216
38373
41399
50791
20471
51842
33821
64033
79936
42430
28782
47242
61234
41216
29575
65743
78000
93743
20058
67923
19447
92987
67097
42214
13797
40212
13961
20530
8130
58471
52790
11698
96845
10541
62489
33668
62384
12662
97702
42320
55093
42836
5914
16327
404
35489
98423
78404
45584
18481
62680
81383
11469
29777
23598
41618
69989
37559
78501
94471
12382
31291
6169
9227
41833
68658
59248
20569
81320
73302
62889
52765
16138
85155
69093
16542
20644
67516
94947
82580
2349
73979
63964
30170
3756
87562
71789
90097
41473
50290
84568
53855
81581
90737
63083
39766
75747
38683
60335
73419
11985
39576
26185
44475
24731
11630
61017
61727
79146
72316
44308
97847
46295
8272
28018
66403
12186
99807
72852
53659
50097
57420
7514
48030
64509
86949
87797
56608
25632
64484
30028
53969
20413
72565
98444
45144
84195
75814
23224
79693
64482
67532
77540
27130
92156
5558
93533
4342
21717
82738
74353
71814
40158
81867
36197
21020
85169
40346
77628
27153
4830
24008
81123
25243
12925
95919
86740
97120
88085
9964
93165
52568
93848
87058
96050
2356
8968
5935
23050
30686
88673
97403
2500
28832
95622
55049
66204
80791
95395
43832
7945
226
84193
5420
41821
97118
1339
44913
10591
89425
71229
3756
58345
65077
7166
54395
83785
16135
60330
6835
46821
49004
4238
65673
94188
99861
20723
60392
97004
16118
20576
4949
32696
21121
10369
90870
18240
28061
35783
28831
33838
23365
48939
92183
4794
56106
62930
88580
72241
39612
95415
35414
88616
99654
1087
99156
15867
21810
75900
12871
54281
12829
34173
86977
33950
60894
77847
68542
88955
29983
97373
39145
53348
62665
31328
58142
18771
94258
46722
7364
33871
58490
42778
38839
74496
43865
54348
6715
82028
46600
19586
36309
59429
70111
39638
9732
47358
33838
78274
36313
63821
92000
75459
33521
54665
23139
91663
73436
33750
54738
97152
83973
29580
39930
39164
4076
147
93512
10791
98527
56465
46729
51188
32246
33193
90827
41978
80551
24665
20253
33216
4838
12253
25027
38359
83270
48167
46374
73058
98269
17464
70210
82242
47044
26492
21406
67472
42991
31271
78263
41519
87736
41345
92707
19982
74538
99886
78313
71441
24551
14918
4657
45741
43523
29685
84100
26793
94204
46827
99851
92473
64291
70061
74715
27688
12905
12473
95160
55896
60096
89776
97415
64184
31121
6475
519
22011
6361
78832
93452
47265
93750
14461
93006
37273
44146
93459
80418
38350
40286
80269
47175
4577
66682
38242
48617
79587
50716
43778
35483
27164
33554
49251
91349
81027
72078
91868
19390
94791
87052
29194
42056
97154
43655
51415
50779
4154
44874
31197
58856
1512
27818
6032
22441
94500
44274
71059
90439
11342
31189
42274
38507
81095
7877
46208
62122
79955
54428
97864
74747
41480
27058
33155
54986
87065
84570
5765
7571
45796
53314
66428
63660
81132
88812
86102
91984
49438
73513
98775
60781
4702
57401
15640
85797
65279
78200
64271
61586
32628
62135
52685
90460
5545
85841
45446
92610
86763
67563
182
48912
20877
82962
12572
18361
71774
15026
26697
37564
88539
41824
14697
9593
99225
46689
95390
80856
24889
59661
42443
57517
38148
95128
64329
43693
97321
9775
52656
84085
93690
69190
49349
30919
52152
61921
65632
40278
93300
8681
77842
81839
50505
8892
91433
49731
55581
3175
30587
80471
62837
89382
54340
985
84511
18670
61031
81832
44797
13687
82269
38488
82877
31618
85759
51381
9892
51392
91659
3192
60073
85853
1383
10579
94745
9168
76662
50327
12344
23601
30798
91533
12984
85138
8870
13847
20160
69901
12031
64958
99940
10653
19798
82817
58623
5557
34198
68515
56949
42209
88059
33375
44415
89443
60306
39160
98611
53320
5839
10955
76921
52989
18840
6257
54480
27711
36456
74640
97612
64840
39598
97553
75493
59396
96722
34116
81306
47273
2632
54607
5834
90691
87982
50249
96486
64640
5762
95098
17960
11601
22405
11234
80943
41246
33843
35423
85309
70300
26415
82921
35140
82366
96826
26985
41762
9901
61101
39420
57174
80085
94028
63008
87129
82010
29610
83615
63003
35372
95065
97315
63325
17471
8549
44268
75069
58745
96043
60378
45397
38811
59651
80537
21177
72830
23874
79291
82731
84975
18712
56257
81413
12740
35617
68542
11102
65227
68509
74105
16951
63575
71421
80277
97398
96322
40897
88819
55067
53293
49197
464
92104
25200
97353
13281
14382
37579
92572
13465
22555
11284
69722
20320
24024
21692
88862
35127
86919
57371
25584
3871
20946
13357
500
34696
9680
41397
23515
81099
94690
89064
97916
3146
14265
11621
16427
44999
49201
9000
58465
88108
36636
44539
8428
77013
66231
97290
28492
53151
71013
54076
73374
8312
67434
73874
43008
93466
15271
82876
90917
26314
71940
88833
29460
2557
16807
45888
47557
66008
71240
6022
70468
24228
50561
78896
1241
33145
92538
29733
86296
79903
83810
59670
88215
67596
49896
47576
77414
65167
30452
68331
7833
2392
73517
37294
4950
90324
99534
52507
72684
87126
74881
43152
11354
41794
38400
12596
74939
30938
42329
77587
27193
42491
37257
15409
26439
3505
79337
3853
68673
9789
72185
92858
28533
62054
30152
33483
52378
46038
2342
41414
33164
93575
918
60871
35370
39318
89819
10309
86608
48500
87897
13801
90992
41506
45562
33783
45012
24899
37637
30037
34688
26174
22895
63222
88228
69400
13057
56958
15438
15400
98372
64955
8975
99290
25826
60697
54960
31997
71007
41568
80497
75256
71721
71489
33114
17284
21625
94478
42183
59262
24515
76872
1788
63763
56446
90016
33163
69503
63326
64953
1255
78050
29908
10231
77340
72086
70928
48652
4083
58287
90220
84581
49895
61941
72422
83010
79225
94047
77488
37761
69661
18356
14633
71449
82119
87431
77817
31634
56934
41143
96587
58190
35545
26496
84773
12885
14934
72053
77889
19018
46693
68109
19951
96588
46403
8725
95950
41980
19125
89791
96093
88786
8147
10726
76588
6618
14509
54405
38252
71444
11901
34839
45986
47446
77687
47111
76684
92622
19164
54573
27992
82209
39035
47943
95150
1790
56668
91100
60122
75793
80891
56216
80932
5390
83294
57520
28360
97804
28277
66612
85600
56530
17804
47938
20329
95491
95049
13365
88113
30565
84290
32457
12775
39677
80400
24277
57819
53421
15377
17942
45566
12621
90510
42850
34363
73804
16722
62724
87960
61352
45688
89912
17882
63492
37850
54563
58984
49251
84280
63449
79817
68571
95907
8944
8248
92659
33221
66068
62432
64950
362
24351
93923
90872
67201
28287
81028
83924
91011
85341
61628
36699
75253
79510
16544
29456
50426
75528
78707
34706
55329
74876
3277
67588
172
27878
76600
49745
10298
55384
31048
27012
79735
24971
34236
63289
53258
31616
63565
60621
16957
25193
13673
8563
21055
30217
38019
71481
22097
33078
6188
93778
24307
25817
61367
40831
53695
54319
90577
80345
9703
21625
7357
89439
62948
57945
52728
16207
89562
32645
93180
6519
57838
6853
31434
78893
53422
85805
50375
75519
35236
72915
69298
59543
98732
47017
374
68780
1336
7303
65477
11039
45280
89187
16830
8229
47132
85910
40788
36694
18555
50320
59566
92745
57174
7352
71639
10596
93158
38366
2468
28394
27633
88118
4289
42717
51487
21015
27849
52823
28319
93327
80214
89951
98866
13397
98180
45998
99307
55320
99045
34215
5641
74963
43312
79167
82315
31303
6115
91825
69669
24935
20219
13654
13053
40860
56372
64540
61876
573
33715
90195
93900
30282
80146
9118
43679
94679
55117
59338
66351
70514
9905
88344
45477
53218
67511
44144
84521
89979
35970
70543
14914
72541
549
44320
13402
56921
25212
91630
57495
75280
81825
67747
5562
78323
76866
65593
89354
48335
41283
72058
35201
67541
60402
97030
20759
44266
41174
21632
50597
93496
8527
65511
82390
9077
26183
95792
82350
51396
3774
56197
43028
85599
40297
48590
80274
33515
30535
85981
81850
88170
74391
17051
55711
34793
14081
92822
95411
71607
30807
46008
65104
39334
27872
47494
64763
70407
59638
47114
38155
63412
19663
81183
65363
59960
29773
61989
93475
76660
64322
91677
64831
38713
25080
36894
89859
39161
29717
85270
27121
60524
47631
92225
16210
91855
56071
80974
62262
32061
44440
16770
95473
80455
97953
77188
40416
44079
39177
50243
20739
3500
41921
1922
42213
67001
38817
48424
22515
84886
33695
49636
61762
97678
58213
77972
5885
14284
75298
84499
46345
36090
1269
58170
16546
99223
35358
73314
43302
90887
23557
80393
10739
65478
82316
69305
32480
37485
17729
54995
22371
51424
4631
485
65454
62844
78457
71339
93480
70108
72191
56177
22550
73460
30699
39096
72683
82409
12410
32337
73296
35968
29083
84036
17798
27751
53341
50278
65236
71070
21625
3959
38847
26256
4444
20653
5452
99253
8345
15284
85713
80536
87813
8264
53996
18512
63712
43032
921
92475
91721
90570
28443
20804
74606
62593
48555
44299
12872
30143
31721
34497
34102
86920
77106
54898
23926
98910
70504
32271
30547
56217
12807
18360
80833
83155
53225
44546
42539
54146
37021
34261
44716
81816
55065
35674
44409
3621
96325
73633
50116
28047
24483
84219
31319
1589
55469
55245
16851
25973
87516
47398
98543
16675
82111
79376
16183
35336
40274
58722
5834
93647
92983
66903
75463
64401
2577
36225
68022
98903
26210
18138
43302
50693
18709
74621
68634
90531
46219
85486
16504
50087
49236
31399
66763
47699
10776
99298
99387
67402
58020
5222
61050
51004
72125
52865
15405
91054
5442
99779
6309
31653
34269
49611
82346
69331
40585
50981
59862
86804
52819
92718
36891
18407
24118
20006
66107
51246
19304
81846
35000
77325
87068
96050
44681
75545
65268
76438
82952
70710
92569
89261
2363
43190
38873
1062
12521
79458
68395
88735
82614
21214
81454
35857
55973
21924
55864
38432
73170
91520
20279
24522
68845
23699
20573
29878
99245
85841
6316
82197
72903
15237
87810
75267
58428
26683
92681
87301
22493
61076
76037
21459
98642
73843
57317
54615
95767
13181
93048
85289
4701
29679
9811
89899
53378
46736
19777
68975
32577
42446
67524
21833
74035
55335
13452
32463
82018
6133
19765
20864
67209
12154
42323
82203
85997
99640
36818
81764
29173
46218
67053
33875
75897
93216
40126
45628
39953
76255
14603
88882
35053
82128
10715
9089
37463
24167
57904
35833
30300
77669
56697
13861
89823
15373
12416
75820
15013
65587
73936
44187
11805
57341
94414
4055
50558
34540
66035
6863
10795
80638
95745
45849
79118
6461
71290
16581
46980
29194
52415
93633
23216
25464
7494
13039
40837
19911
5212
72203
1850
95500
32742
13655
52842
27156
34062
19752
78048
97
26615
5195
97088
22360
67396
76206
45173
38686
9140
92154
84233
77907
2139
7449
3371
25985
20488
60561
62248
42052
32764
64098
37553
81858
77754
6747
25366
28168
26499
3414
44618
53114
8609
58058
91826
92358
50616
53352
31044
59756
61858
15277
37663
63997
39078
57387
89982
59567
34300
52231
17971
83416
16329
71876
65274
10435
78623
90640
54956
21474
94054
15926
90940
19015
73984
99119
27725
24600
52471
75122
709
14329
90399
54724
94678
45830
12111
1012
21749
46411
53243
39720
29827
85925
27949
95101
12712
22924
2093
67668
44399
12499
99946
51691
31515
73930
50810
59240
14883
3281
34362
31944
33962
41114
86668
44992
86944
98780
46005
8693
61543
15600
64765
91371
1525
92714
2824
14238
15639
21270
98258
76390
33769
98205
28081
65284
88487
78892
40877
19722
98525
91591
51666
48840
49057
38335
93832
52353
53467
39837
61046
15010
55438
42164
22733
73315
51230
41910
87553
83221
63180
2164
59611
96949
16721
4045
78586
21560
82937
19463
41283
97814
27406
9301
46654
76464
47636
40487
28817
17455
96676
6216
48818
52114
64732
71551
25430
15962
29813
29335
99184
92993
47851
75147
89943
64572
79192
84881
86133
78481
20696
27416
92648
48102
53069
39302
24566
17058
96141
69736
34513
92818
92304
83331
61284
57036
71235
86714
72998
1048
32402
88534
94042
80253
63682
337
44826
59226
1570
47311
54060
22266
91079
46708
70368
44148
86010
11287
61206
82152
97375
95720
91322
89679
95403
52606
46715
66638
55673
19713
84039
4427
24600
94433
84680
4634
11122
45858
63860
12692
93169
17920
34958
84248
64628
21678
44749
66991
32965
5955
65495
30340
18027
73169
20019
13431
25775
66734
96421
97800
2800
80460
2227
43752
91245
86908
48386
2367
49118
12246
15059
58640
46519
50017
59240
27499
71696
3989
10842
21013
26297
76337
67706
44324
65858
87725
74107
91634
70812
86881
5786
89964
67341
8014
33716
74939
11274
98454
77306
60392
10700
92366
35384
73571
58735
94625
17423
46783
98614
28265
67797
24911
20955
35503
85588
86813
39580
59695
94799
26744
46576
586
16708
30270
24952
66776
5209
36226
65230
82515
12970
92283
91233
64707
82206
66321
59332
99629
13104
74298
27895
97253
99210
65202
49108
1150
52015
5041
60845
63167
31785
23774
80105
64846
70396
5057
47974
75605
57635
13205
74472
86957
21840
82058
51664
4046
48379
10996
20028
77835
85295
64275
75089
857
29477
40549
18359
97844
45590
79204
61011
77376
19330
41116
58574
89726
62525
6548
81683
20160
36105
56156
23470
74297
54566
75134
94696
2945
2483
14724
80780
4130
78999
72221
4987
8476
12771
23346
22672
74713
18902
83684
68441
54585
41152
27015
44311
20030
49916
25995
56542
86021
98503
80012
60319
53069
55147
71367
72366
57630
86091
53146
61760
65090
41720
83099
89918
70843
22797
12590
45556
58051
12626
13998
12636
70131
57365
56948
90161
7281
99295
46703
9655
97798
26716
86326
67219
98215
57693
39585
72197
43784
9083
50309
25226
50803
49760
15144
21646
72557
44086
67203
46960
73065
97553
59597
43196
54918
32897
33357
62200
48544
96412
71855
46342
23128
58181
29913
37695
15874
69498
9892
76010
78581
60201
1236
45737
9961
32732
83735
98870
93170
67290
45831
66235
64843
21780
9431
36114
71029
59140
98314
19573
55553
86521
82267
95033
61054
12180
32729
76928
98030
42621
69290
92963
19175
70526
38700
45488
19610
38788
44359
12780
6078
6542
79016
87274
44674
4799
23388
15703
63940
21702
35276
35845
24575
33895
30878
85629
46075
79959
78909
60457
22581
48199
53420
58108
35077
8473
3596
54687
47261
47955
83819
69691
70849
62835
56965
15523
67635
80353
31226
47927
18407
82854
124
42982
16749
31002
44963
79176
10962
40224
39633
49895
88423
9406
8003
39852
17879
27951
10891
81492
75907
94711
51183
63108
73898
8149
78632
57885
4854
26210
5812
23262
9065
5936
82596
42166
53291
43912
21343
80605
84136
77328
46852
88912
86734
71207
45116
20965
99158
56008
2457
91417
50719
53641
54526
40969
78142
49510
98855
82996
75720
21019
22610
1137
43308
21559
59656
96599
65471
80999
93556
65959
74679
40408
54871
77766
11615
16340
98731
10773
72348
17541
18543
39419
87534
73069
80388
65676
22579
79243
65024
14651
263
3987
15789
43571
25546
75445
56522
7369
72796
66430
73328
63827
6838
44552
41593
34805
60892
56677
61930
49592
74218
80473
89011
61752
69894
85751
27428
92473
81347
8804
23477
81610
12791
39266
41533
54689
31063
14407
62058
20211
80837
51739
84038
87675
12643
41984
38832
89887
98661
17114
39479
72879
97588
44842
34631
67482
30593
78411
76308
11940
3567
99785
9902
16359
55403
67787
87400
2818
82194
65811
23029
63031
17550
23419
67058
46545
65403
22242
36432
80416
39357
75911
53295
53297
37105
4278
20779
84050
82689
13439
95991
86257
29576
22245
18968
84979
90033
6368
87797
88579
72179
27178
67963
6081
50598
35021
52626
32353
73616
5410
12770
12973
81321
82417
66270
34778
86696
3401
18829
85737
16841
31172
88346
62769
53417
7314
47749
59802
30035
51898
64734
18566
79077
32697
41000
46027
84070
93626
94732
57686
99037
7502
70659
96710
89920
53281
47841
92968
56683
66670
78705
89876
97842
67052
52645
67611
90718
16746
43766
20753
68645
8500
55672
47722
41197
96672
10101
25267
90298
4833
82954
5687
28688
69965
18750
34960
23247
66591
27928
96282
33261
6633
86158
47455
73685
55155
15066
80756
71902
58832
1509
40547
83684
57181
4621
24881
53853
31074
50149
60504
35907
49455
82543
64595
19420
17645
99555
59019
84236
43835
55301
33849
50469
57811
81304
40506
12967
12723
21262
1221
87907
39124
41768
71592
12657
62741
96473
82863
10167
62974
59719
46074
28781
42262
27022
64554
59908
42929
23573
60496
86765
95227
94346
53586
53038
92002
94092
82357
21077
31707
83578
8985
70831
41698
96929
99840
20791
9754
82703
30958
89081
42422
77033
17862
1037
20407
98768
77297
63336
22342
37793
66453
33921
48491
20039
86959
40494
30484
85669
61571
78543
69247
86908
65726
10946
189
65566
31737
9944
48270
79048
99025
7044
56081
33239
8081
92840
32008
85378
72528
70702
39524
38982
4623
88015
75373
7934
28509
22209
93603
6433
752
62851
9693
66478
90149
9883
32045
38238
36179
96667
17286
35204
20063
89719
84795
28145
82559
16803
29875
55088
3857
85751
10422
8480
73767
2147
16415
18628
24357
26370
41413
25109
5573
51107
91588
95722
77342
39985
50313
13521
53004
83951
65077
73067
73671
66224
17564
72582
99380
63792
44022
3237
49543
54444
28070
23310
72944
60837
58291
97301
87207
99704
22410
92781
67163
30350
4855
60857
86687
55168
90730
39691
55472
72159
12759
29143
38384
30323
1725
37764
94115
62100
41001
43659
16544
69071
83321
5840
46260
57964
3141
33468
57669
41904
42601
41184
72254
47456
2042
58942
18977
92772
98633
74449
64932
27744
19944
19668
58068
21669
57432
68535
83769
14785
28546
16666
209
11868
22506
46469
69832
42000
96289
43853
83904
38890
85038
72510
86347
3432
31452
21676
96204
46438
12477
77488
90534
32421
13508
48602
70442
70940
17138
70564
2078
45684
3582
18639
73904
42440
81460
60089
84440
77750
3942
68344
16640
5332
57207
19339
8764
88659
57367
21321
51449
69844
15161
41984
18617
28670
6938
89060
15962
40428
59624
34392
2465
79558
53031
76369
21998
50844
52810
6439
28594
73105
91135
61586
78437
48342
97278
3554
53354
54645
41227
21155
40842
72740
79491
59459
17762
2782
64871
50077
43210
40847
84469
62027
20405
53853
38397
42404
4697
7559
65195
33291
80664
72682
11229
75454
37377
8507
95360
7083
79505
52939
44590
36699
25679
24082
96158
43442
43216
77382
93519
86426
18229
94340
48454
38635
48193
3203
97391
52890
27114
78938
2533
7779
67972
30115
99585
5349
54974
94945
28784
34479
47884
73375
87530
73563
13809
83689
33357
57025
77423
43228
59803
95652
53921
24609
34287
2114
44164
48030
71357
71279
26968
90242
79058
94941
36709
78643
16642
91684
89940
61779
42515
37824
35154
30046
27739
48963
30087
77449
22340
7510
37029
98495
3162
90950
23105
53802
9417
67269
1832
97126
54900
45153
3720
33958
56446
40430
28953
89440
32114
35245
51219
74629
73069
2725
21027
17161
51688
51114
94610
90380
58624
47991
88876
78139
55294
28333
31941
64711
95602
50125
78189
50503
11630
81909
813
84428
22339
46119
73869
70805
81364
41440
61787
70786
44166
82814
87947
12206
33929
98909
2587
8905
46900
7815
87044
2194
36148
35337
83257
31750
1815
61446
98605
13445
59708
15771
14226
82047
61890
88095
52853
59606
29535
14640
30392
90053
97454
34691
2260
47735
33600
4847
72993
96853
29014
76389
15399
65162
28079
15009
13264
29894
92807
11870
59691
52515
43993
73917
34563
5883
78364
3768
81841
24252
18408
12234
14305
32214
63277
16565
96302
96878
37764
85647
10083
83130
62036
41834
48292
90115
56843
61557
36361
49651
89779
96053
2166
50124
86322
53081
72359
64687
56849
54200
5291
91609
82786
19596
40176
46064
52514
52830
59294
6630
38477
69377
89761
513
27563
54405
6981
84407
32314
43342
50410
22093
55747
68928
72217
42070
22010
44576
23109
95211
15129
44752
86821
97915
64348
43349
43979
33214
96179
3273
56197
51008
89002
62310
67873
16566
16715
74854
17325
49030
34549
67735
87475
6648
36663
76045
65070
75025
20621
88179
70237
52102
32931
73410
50018
13632
16759
10349
63198
29290
29975
35747
80298
18977
98057
48171
51895
14773
39378
85572
63803
90279
53307
67630
96927
6323
43675
61998
81348
80649
66529
51585
32751
15813
24995
82769
45797
58106
93119
8995
87396
39446
44743
67694
58423
59152
32218
26671
73925
71596
12243
54080
61875
81903
21711
75154
88226
81738
37152
85926
62387
3682
37512
95139
35847
78859
94260
81644
36966
3731
6991
40714
43177
68086
24761
17953
27239
56979
44624
17516
44927
73219
71597
23154
55122
9660
98308
43348
91398
35461
29275
70138
55495
83139
65277
91342
78350
75889
89338
31668
79621
96329
72383
39150
80768
97144
57103
8007
70475
18079
25523
15402
91299
13472
38556
46421
39484
36864
6122
47235
88677
51749
17373
44172
51240
99002
51866
29590
91243
57556
77611
87216
70238
49994
26367
51006
63490
83470
59013
33965
17902
888
49367
9201
30713
4275
71974
86549
41139
78096
33784
29817
46197
67509
90341
97437
82863
58560
43380
74107
16116
37343
61323
2706
87337
4042
53712
67179
3865
29077
17496
21767
46318
66863
30968
77031
71138
2942
63580
28629
97391
13717
58446
43588
97578
65140
57378
96794
23700
17110
70901
56168
54453
48576
58875
58142
52619
28939
41673
56484
58017
59169
78251
4335
42384
25571
97718
29874
44865
77650
58503
42256
7719
33302
2197
5298
98442
75927
2092
38494
9389
89345
11014
63842
54273
86241
38336
23244
15181
80009
79728
89550
39178
74331
93885
81562
16254
7955
11436
61120
85605
86291
19728
93325
19593
38277
14975
34387
30556
17067
89233
39945
22764
16600
3787
77037
2841
58475
282
34374
38484
96362
23924
77662
87046
34161
75576
3300
42116
3364
80772
44074
89656
16853
53751
9249
55130
68726
59989
85687
85793
49222
41984
24909
65822
62124
1946
85016
20599
2228
19390
59084
14943
59667
53098
1989
10180
28675
21641
68649
32039
2414
12723
21695
19267
66474
47297
90749
35200
23638
92788
37345
89212
34773
62254
71387
96897
80552
56403
17496
99133
92145
76580
14076
68164
46031
16065
78345
74706
37706
46994
23097
56472
76069
61145
75739
58895
24794
82841
10447
48432
75629
64144
37644
10402
42750
9031
7299
23302
81786
41148
22435
73932
34080
36511
58448
80111
68928
36793
71169
6635
139
94267
79459
92560
55412
55199
51455
80206
38040
78254
44990
30021
42398
82634
40424
85148
8018
64075
8451
89804
21575
47238
80088
55656
102
38537
35767
69030
91682
6937
92017
8174
17556
71477
734
89320
43028
68542
69526
97420
46796
30868
27441
5547
29854
84217
90695
37872
64645
15498
44029
86220
79089
24117
41876
79191
79006
93996
64573
87041
17285
72943
95215
34841
60772
12301
24161
3800
97195
10039
17572
60344
57259
45013
65891
87113
45583
72938
24986
10228
4789
69015
96448
83878
9484
54677
79421
88491
65025
43994
91884
82310
16937
3451
33503
77709
32104
57664
97861
29300
84055
15433
5996
41314
76799
88239
28427
22382
61177
69765
48962
65966
55132
61762
66196
64617
32791
45617
69460
97816
89612
61344
80126
22901
64795
13629
611
96899
87645
14824
42551
88052
30258
48547
45718
23409
36786
74146
62143
14316
60263
11105
96634
15396
72867
62831
80013
5659
24800
49473
19827
14412
27169
99954
53666
91964
29935
70629
88863
17581
85453
31415
21985
32063
96314
67704
55472
49453
58202
17615
63769
18465
45072
60403
33861
17940
39586
30226
39951
64387
96051
59778
95151
23220
76084
65169
15184
6020
35798
20400
39953
37604
68167
61938
69667
80833
29642
25140
30286
87844
59107
94055
22662
4180
70811
56523
38472
26749
3102
94775
7488
99153
54553
18992
22374
46990
84161
53910
53010
36312
90662
9315
73916
58829
71253
43583
56015
17248
85075
86301
21444
44183
80357
44106
48363
67520
630
3187
10621
20084
97962
18110
19237
68867
37102
57963
15857
37615
28226
85219
73927
18888
94534
47843
94070
82140
7779
50085
99388
92854
36386
20832
53389
33095
81291
18104
16967
81921
21291
27589
18357
19253
45699
37594
88121
99153
11910
3978
53120
40136
5550
27048
59024
84
91243
69446
98576
15374
19531
14316
24581
72270
51501
77970
5365
32792
12427
38685
31065
33718
66274
49422
69324
28325
87016
57445
43830
15278
77775
96950
55414
83325
40350
30791
99762
47946
237
14690
63320
36121
29007
87901
8391
96860
82224
30108
29652
94651
68793
60717
44721
35067
26491
14045
79744
29859
87842
23574
45138
81970
20525
552
81647
60875
31343
97761
25173
47933
12452
88494
84054
57811
92747
8797
54671
74971
38905
675
85974
7699
77744
47048
59118
4235
77445
38863
34094
81640
78789
79232
63610
99314
96137
45257
76542
43832
59371
1715
91765
71823
6561
92171
45986
99309
968
657
90632
39874
17684
76607
63925
95428
40007
23043
99663
17452
78258
33757
99092
57048
29342
79054
72714
25479
40664
65608
69311
35
83676
77429
88210
6589
69600
34196
5898
86921
51205
96531
26795
68889
89490
7072
64317
29497
30115
80332
63301
24726
30441
78746
98126
59783
57800
87192
1614
14816
69153
87278
14851
52829
64707
19413
59418
50659
53609
81669
37580
21166
94552
80727
90055
84042
87799
70724
29891
34267
51056
93192
75345
81498
88290
73471
57633
46091
77015
59248
77259
46168
46526
92111
15349
27585
11524
91120
94596
81486
72789
32177
2652
67341
12904
9060
67735
17056
79784
97626
51323
47193
7170
26668
28691
11813
16491
2676
74256
93506
78276
51515
39675
41154
43626
71376
68739
71503
62496
63336
52989
51637
11865
71993
35330
41121
81053
3065
58177
77190
17043
25852
24383
40566
52520
69426
52379
85363
72102
26635
78870
50379
78150
34897
7885
38129
6273
76625
25984
85122
56313
95325
36759
84530
67318
88442
25651
64724
7859
181
41914
41255
26033
66297
81821
94906
35723
50552
80269
24177
93539
75491
90908
88041
26740
98794
42522
33014
91771
68506
34488
48084
63831
87599
48966
47502
76041
74617
12226
83901
91150
54140
25156
17184
36789
23329
28442
88864
90233
25063
13041
124
555
3950
88165
27295
2744
30688
76661
10867
15546
27501
58951
95730
15101
24269
43232
7494
98886
71810
7747
6389
25950
49255
39925
79091
72584
68367
67955
79169
93430
97348
79293
10337
1298
67459
53985
20394
14499
46998
31261
30045
74500
6564
42127
5953
30833
85359
13447
46072
57169
21195
52461
99471
70450
92386
78562
59387
77105
62869
38556
86887
60218
34202
97225
77868
1661
67562
14615
32512
14560
45876
78909
5412
68793
21037
11365
15978
6396
41165
62050
79918
62360
30863
79389
49162
23249
74304
24901
16706
53525
63458
3594
30095
14012
17171
7964
15673
84733
22579
64537
15645
84807
43446
21058
53600
80835
48775
69579
3584
89940
47981
83502
68652
78845
79243
17815
18446
69899
42716
35153
23425
22526
55099
69872
36538
72270
77836
68563
57003
16767
49452
89000
1575
92899
10058
71527
73734
75186
57458
93670
65126
21792
77172
33779
637
72768
67946
35435
42667
27014
86940
82444
65893
42039
52317
18783
14309
46505
87347
87664
63273
36799
76665
81200
46050
3075
69079
36137
78261
26538
29807
59740
64682
23332
93519
81671
96100
61465
17106
38767
4831
4047
21212
70724
62438
89881
89508
76748
36386
93207
80764
99659
46358
73781
97211
92409
76857
66291
44898
71470
9181
91057
31210
73863
14389
41081
55534
10489
18898
72640
65609
23730
93039
3173
94454
55478
93054
83962
48578
29440
93521
29342
45452
39880
3124
42663
32289
96333
25306
93539
84155
34487
84596
31718
24702
98986
72799
80236
25827
8050
69229
91436
31780
78620
94609
42586
34098
4015
42901
99028
49808
36422
28371
11612
76302
47847
70627
24943
60532
95934
18482
61039
46773
19431
92757
71476
18417
81909
68064
60596
89959
37293
68385
38091
15914
62994
80677
66364
83362
39930
81745
49522
92705
26468
61134
69007
74315
31761
10303
51199
44047
45137
12238
90821
64568
21348
62297
99337
3257
46713
59934
9568
84007
28319
47659
16273
7665
44688
98989
7379
971
80734
56901
93676
7202
18035
79035
97869
66149
89338
65420
10196
34476
77659
17369
15396
15359
96018
14734
18616
42732
91020
44536
43091
35691
8547
59364
43356
53235
74705
67088
70558
71792
23989
64234
78994
58377
43270
93216
24526
48960
58636
51074
83436
52647
68444
98833
68006
80814
29919
2974
23546
20939
63862
82989
56630
72409
58705
16338
41997
33411
83426
12555
5203
7416
93142
549
82145
36412
10117
6671
85372
68754
74097
85161
37753
58893
346
22112
39708
46617
41438
79606
67556
5301
62596
40538
77710
21301
73228
36059
54712
56655
48615
76267
80423
58109
93169
62568
94521
3286
85591
96245
88392
59688
97758
42498
18582
14456
64610
58290
61073
6048
37896
44981
27701
492
85519
5412
21794
58748
57823
92858
31755
22790
85478
12178
80899
78647
91098
75420
98285
76689
88018
86678
36377
2128
29176
54959
16585
10138
29601
77658
16186
67498
38992
60240
84342
24511
82004
